2132000,'cal1-mon-tue-wed-thu-1',617,,614,82,,,0,83,,615,82,,,0,42,,626,82,,,0,94,,627,82,,,0,90,,628,82,,,0,88,,629,82,,,0,93,,630,82,,,0,122,,631,82,,,0,92,,632,82,,,0,88,,633,82,,,0,50,,616,82,,,0,92,,617,82,,,0,92,,618,82,,,0,90,,619,82,,,0,89,,620,82,,,0,201,,622,82,,,0,125,,623,82,,,0,163,,624,82,,,0
2132000,'cal10-fri-1',617,,634,82,,,0,83,,635,82,,,0,42,,646,82,,,0,94,,648,82,,,0,90,,649,82,,,0,88,,650,82,,,0,93,,651,82,,,0,122,,652,82,,,0,92,,653,82,,,0,88,,654,82,,,0,50,,636,82,,,0,92,,637,82,,,0,92,,638,82,,,0,90,,639,82,,,0,89,,640,82,,,0,201,,642,82,,,0,125,,643,82,,,0,163,,644,82,,,0,125,,645,82,,,0
2132000,'cal11-sat-1',622,,655,82,,,0,83,,656,82,,,0,42,,667,82,,,0,85,,671,82,,,0,85,,672,82,,,0,85,,673,82,,,0,48,,674,82,0,5 6,0,168,,675,82,0,5 6,0,84,,676,82,,,0,46,,677,82,,,0,84,,657,82,,,0,86,,658,82,,,0,87,,659,82,,,0,44,,660,82,,,0,85,,661,82,,,0,85,,662,82,,,0,38,,663,82,0,5 6,0,201,,665,82,,,0,170,,666,82,,,0,128,,668,82,,,0,160,,669,82,,,0
2132000,'cal12-fri',617,,678,82,,,0,83,,679,82,,,0,42,,690,82,,,0,94,,696,82,,,0,90,,697,82,,,0,88,,698,82,,,0,93,,699,82,,,0,122,,700,82,,,0,92,,701,82,,,0,88,,702,82,,,0,50,,680,82,,,0,92,,681,82,,,0,92,,682,82,,,0,90,,683,82,,,0,89,,684,82,,,0,35,,685,82,,,0,166,,686,82,,,0,35,,687,82,,,0,90,,688,82,,,0,80,,689,82,,,0,83,,691,82,,,0,45,,692,82,,,0,80,,693,82,,,0
2132000,'cal13-sat',622,,703,82,,,0,83,,704,82,,,0,42,,715,82,,,0,85,,723,82,,,0,85,,724,82,,,0,85,,725,82,,,0,48,,726,82,0,5 6,0,168,,727,82,0,5 6,0,84,,728,82,,,0,46,,729,82,,,0,84,,705,82,,,0,86,,706,82,,,0,87,,707,82,,,0,44,,708,82,,,0,85,,709,82,,,0,85,,710,82,,,0,38,,711,82,0,5 6,0,86,,712,82,0,5 6,0,115,,713,82,,,0,85,,714,82,,,0,85,,716,82,,,0,85,,717,82,,,0,43,,718,82,,,0,75,,719,82,,,0,85,,720,82,,,0
2132000,'cal2-fri',617,,730,82,,,0,83,,731,82,,,0,42,,742,82,,,0,94,,746,82,,,0,90,,747,82,,,0,88,,748,82,,,0,93,,749,82,,,0,122,,750,82,,,0,92,,751,82,,,0,88,,752,82,,,0,50,,732,82,,,0,92,,733,82,,,0,92,,734,82,,,0,90,,735,82,,,0,89,,736,82,,,0,35,,737,82,,,0,166,,738,82,,,0,35,,739,82,,,0,90,,740,82,,,0,163,,743,82,,,0,125,,744,82,,,0
2132000,'cal3-sat',622,,753,82,,,0,83,,754,82,,,0,42,,765,82,,,0,85,,771,82,,,0,85,,772,82,,,0,85,,773,82,,,0,48,,774,82,0,5 6,0,168,,775,82,0,5 6,0,84,,776,82,,,0,46,,777,82,,,0,84,,755,82,,,0,86,,756,82,,,0,87,,757,82,,,0,44,,758,82,,,0,85,,759,82,,,0,85,,760,82,,,0,38,,761,82,0,5 6,0,86,,762,82,,,0,115,,763,82,,,0,85,,764,82,,,0,85,,766,82,,,0,128,,768,82,,,0,160,,769,82,,,0
2132000,'cal4-sun-3',622,,778,82,,,0,83,,779,82,,,0,42,,790,82,,,0,85,,793,82,,,0,85,,794,82,,,0,85,,795,82,,,0,48,,796,82,0,5 6,0,168,,797,82,0,5 6,0,84,,798,82,,,0,46,,799,82,,,0,84,,780,82,,,0,86,,781,82,,,0,87,,782,82,,,0,44,,783,82,,,0,85,,784,82,,,0,85,,785,82,,,0,38,,786,82,0,5 6,0,201,,788,82,,,0,170,,789,82,,,0,128,,791,82,,,0
2132000,'cal5-sat',622,,800,82,,,0,83,,801,82,,,0,42,,812,82,,,0,85,,823,82,,,0,85,,824,82,,,0,85,,825,82,,,0,48,,826,82,0,5 6,0,64,,827,82,,,0,104,,828,82,0,5 6,0,19,,829,82,,,0,65,,802,82,,,0,46,,803,82,,,0,54,,804,82,,,0,30,,805,82,,,0,86,,806,82,,,0,87,,807,82,,,0,15,,808,82,,,0,29,,809,82,,,0,85,,810,82,,,0,15,,811,82,,,0,70,,813,82,,,0,38,,814,82,0,5 6,0,86,,815,82,,,0,115,,816,82,,,0,85,,817,82,,,0,85,,818,82,,,0,128,,820,82,,,0,160,,821,82,,,0
2132000,'cal6-sun',622,,830,82,,,0,83,,831,82,,,0,42,,842,82,,,0,85,,850,82,,,0,85,,851,82,,,0,85,,852,82,,,0,48,,853,82,0,5 6,0,64,,854,82,,,0,104,,855,82,0,5 6,0,19,,856,82,,,0,65,,832,82,,,0,46,,833,82,,,0,54,,834,82,,,0,30,,835,82,,,0,86,,836,82,,,0,87,,837,82,,,0,15,,838,82,,,0,29,,839,82,,,0,85,,840,82,,,0,15,,841,82,,,0,70,,843,82,,,0,38,,844,82,0,5 6,0,201,,846,82,,,0,170,,847,82,,,0,128,,848,82,,,0
2132000,'cal7-sat',622,,857,82,,,0,83,,858,82,,,0,42,,869,82,,,0,85,,880,82,,,0,85,,883,82,,,0,85,,884,82,,,0,48,,885,82,0,5 6,0,64,,886,82,,,0,104,,887,82,0,5 6,0,19,,888,82,,,0,65,,859,82,,,0,46,,860,82,,,0,54,,861,82,,,0,30,,862,82,,,0,86,,863,82,,,0,87,,864,82,,,0,15,,865,82,,,0,29,,866,82,,,0,85,,867,82,,,0,15,,868,82,,,0,70,,870,82,,,0,38,,871,82,0,5 6,0,57,,872,82,,,0,29,,873,82,,,0,115,,875,82,,,0,85,,876,82,,,0,85,,877,82,,,0,128,,879,82,,,0,160,,881,82,,,0
2132000,'cal8-sun',622,,889,82,,,0,83,,890,82,,,0,42,,901,82,,,0,85,,912,82,,,0,85,,914,82,,,0,85,,915,82,,,0,48,,916,82,0,5 6,0,64,,917,82,,,0,104,,918,82,0,5 6,0,19,,919,82,,,0,65,,891,82,,,0,46,,892,82,,,0,54,,893,82,,,0,30,,894,82,,,0,86,,895,82,,,0,87,,896,82,,,0,15,,897,82,,,0,29,,898,82,,,0,85,,899,82,,,0,15,,900,82,,,0,70,,902,82,,,0,38,,903,82,0,5 6,0,57,,904,82,,,0,29,,905,82,,,0,115,,907,82,,,0,85,,908,82,,,0,85,,909,82,,,0,128,,911,82,,,0
2132000,'cal9-mon',617,,920,82,,,0,83,,921,82,,,0,42,,932,82,,,0,94,,939,82,,,0,90,,940,82,,,0,88,,941,82,,,0,93,,942,82,,,0,122,,943,82,,,0,21,,944,82,,,0,71,,945,82,,,0,88,,922,82,,,0,15,,923,82,,,0,35,,924,82,,,0,92,,925,82,,,0,77,,926,82,,,0,15,,927,82,,,0,90,,928,82,,,0,69,,929,82,,,0,20,,930,82,,,0,201,,933,82,,,0,125,,934,82,,,0,163,,935,82,,,0,125,,936,82,,,0
