2132000,'cal1-mon-tue-wed-thu-1',542,,614,48,,,0,83,,615,48,,,0,82,,626,48,,,0,52,,627,48,,,0,90,,628,48,,,0,89,,629,48,,,0,93,,630,48,,,0,123,,631,48,,,0,92,,632,48,,,0,88,,633,48,,,0,90,,616,48,,,0,92,,617,48,,,0,91,,618,48,,,0,50,,619,48,,,0,90,,620,48,,,0,77,,621,48,,,0,127,,622,48,,,0,165,,623,48,,,0,125,,624,48,,,0,165,,625,48,0,5 6,0
2132000,'cal10-fri-1',542,,634,48,,,0,83,,635,48,,,0,82,,646,48,,,0,52,,648,48,,,0,90,,649,48,,,0,89,,650,48,,,0,93,,651,48,,,0,123,,652,48,,,0,92,,653,48,,,0,88,,654,48,,,0,90,,636,48,,,0,92,,637,48,,,0,91,,638,48,,,0,50,,639,48,,,0,90,,640,48,,,0,77,,641,48,,,0,127,,642,48,,,0,165,,643,48,,,0,125,,644,48,,,0,165,,645,48,,,0,120,,647,48,0,5 6,0
2132000,'cal11-sat-1',547,,655,48,,,0,83,,656,48,,,0,82,,667,48,,,0,45,,671,48,,,0,85,,672,48,,,0,85,,673,48,,,0,88,,674,48,0,5 6,0,129,,675,48,0,5 6,0,84,,676,48,,,0,86,,677,48,,,0,44,,657,48,,,0,86,,658,48,,,0,87,,659,48,,,0,84,,660,48,,,0,85,,661,48,,,0,45,,662,48,,,0,79,,663,48,0,5 6,0,87,,664,48,0,5 6,0,115,,665,48,,,0,130,,666,48,,,0,170,,668,48,,,0,120,,669,48,,,0,160,,670,48,0,5 6,0
2132000,'cal12-fri',542,,678,48,,,0,83,,679,48,,,0,82,,690,48,,,0,52,,696,48,,,0,90,,697,48,,,0,89,,698,48,,,0,93,,699,48,,,0,123,,700,48,,,0,92,,701,48,,,0,88,,702,48,,,0,90,,680,48,,,0,92,,681,48,,,0,91,,682,48,,,0,50,,683,48,,,0,90,,684,48,,,0,77,,685,48,,,0,127,,686,48,,,0,75,,687,48,,,0,90,,688,48,,,0,40,,689,48,,,0,85,,691,48,,,0,85,,692,48,,,0,80,,693,48,,,0,40,,694,48,,,0,80,,695,48,0,5 6,0
2132000,'cal13-sat',547,,703,48,,,0,83,,704,48,,,0,82,,715,48,,,0,45,,723,48,,,0,85,,724,48,,,0,85,,725,48,,,0,88,,726,48,0,5 6,0,129,,727,48,0,5 6,0,84,,728,48,,,0,86,,729,48,,,0,44,,705,48,,,0,86,,706,48,,,0,87,,707,48,,,0,84,,708,48,,,0,85,,709,48,,,0,45,,710,48,,,0,79,,711,48,0,5 6,0,87,,712,48,0,5 6,0,115,,713,48,,,0,85,,714,48,,,0,45,,716,48,,,0,85,,717,48,,,0,85,,718,48,,,0,75,,719,48,,,0,45,,720,48,,,0,80,,721,48,0,5 6,0,80,,722,48,0,5 6,0
2132000,'cal2-fri',542,,730,48,,,0,83,,731,48,,,0,82,,742,48,,,0,52,,746,48,,,0,90,,747,48,,,0,89,,748,48,,,0,93,,749,48,,,0,123,,750,48,,,0,92,,751,48,,,0,88,,752,48,,,0,90,,732,48,,,0,92,,733,48,,,0,91,,734,48,,,0,50,,735,48,,,0,90,,736,48,,,0,77,,737,48,,,0,127,,738,48,,,0,75,,739,48,,,0,90,,740,48,,,0,40,,741,48,,,0,85,,743,48,,,0,165,,744,48,,,0,120,,745,48,0,5 6,0
2132000,'cal3-sat',547,,753,48,,,0,83,,754,48,,,0,82,,765,48,,,0,45,,771,48,,,0,85,,772,48,,,0,85,,773,48,,,0,88,,774,48,0,5 6,0,129,,775,48,0,5 6,0,84,,776,48,,,0,86,,777,48,,,0,44,,755,48,,,0,86,,756,48,,,0,87,,757,48,,,0,84,,758,48,,,0,85,,759,48,,,0,45,,760,48,,,0,79,,761,48,0,5 6,0,87,,762,48,,,0,115,,763,48,,,0,85,,764,48,,,0,45,,766,48,,,0,85,,767,48,0,5 6,0,85,,768,48,,,0,120,,769,48,,,0,160,,770,48,0,5 6,0
2132000,'cal4-sun-3',547,,778,48,,,0,83,,779,48,,,0,82,,790,48,,,0,45,,793,48,,,0,85,,794,48,,,0,85,,795,48,,,0,88,,796,48,0,5 6,0,129,,797,48,0,5 6,0,84,,798,48,,,0,86,,799,48,,,0,44,,780,48,,,0,86,,781,48,,,0,87,,782,48,,,0,84,,783,48,,,0,85,,784,48,,,0,45,,785,48,,,0,79,,786,48,0,5 6,0,87,,787,48,0,5 6,0,115,,788,48,,,0,130,,789,48,,,0,170,,791,48,,,0,120,,792,48,0,5 6,0
2132000,'cal5-sat',547,,800,48,,,0,83,,801,48,,,0,82,,812,48,,,0,45,,823,48,,,0,85,,824,48,,,0,85,,825,48,,,0,88,,826,48,0,5 6,0,24,,827,48,,,0,105,,828,48,0,5 6,0,59,,829,48,,,0,25,,802,48,,,0,86,,803,48,,,0,14,,804,48,,,0,30,,805,48,,,0,86,,806,48,,,0,87,,807,48,,,0,15,,808,48,,,0,69,,809,48,,,0,85,,810,48,,,0,15,,811,48,,,0,30,,813,48,,,0,79,,814,48,0,5 6,0,87,,815,48,,,0,115,,816,48,,,0,85,,817,48,,,0,45,,818,48,,,0,85,,819,48,0,5 6,0,85,,820,48,,,0,120,,821,48,,,0,160,,822,48,0,5 6,0
2132000,'cal6-sun',547,,830,48,,,0,83,,831,48,,,0,82,,842,48,,,0,45,,850,48,,,0,85,,851,48,,,0,85,,852,48,,,0,88,,853,48,0,5 6,0,24,,854,48,,,0,105,,855,48,0,5 6,0,59,,856,48,,,0,25,,832,48,,,0,86,,833,48,,,0,14,,834,48,,,0,30,,835,48,,,0,86,,836,48,,,0,87,,837,48,,,0,15,,838,48,,,0,69,,839,48,,,0,85,,840,48,,,0,15,,841,48,,,0,30,,843,48,,,0,79,,844,48,0,5 6,0,87,,845,48,,,0,115,,846,48,,,0,130,,847,48,,,0,170,,848,48,,,0,120,,849,48,0,5 6,0
2132000,'cal7-sat',547,,857,48,,,0,83,,858,48,,,0,82,,869,48,,,0,45,,880,48,,,0,85,,883,48,,,0,85,,884,48,,,0,88,,885,48,0,5 6,0,24,,886,48,,,0,105,,887,48,0,5 6,0,59,,888,48,,,0,25,,859,48,,,0,86,,860,48,,,0,14,,861,48,,,0,30,,862,48,,,0,86,,863,48,,,0,87,,864,48,,,0,15,,865,48,,,0,69,,866,48,,,0,85,,867,48,,,0,15,,868,48,,,0,30,,870,48,,,0,79,,871,48,0,5 6,0,18,,872,48,,,0,69,,873,48,,,0,91,,874,48,,,0,24,,875,48,,,0,85,,876,48,,,0,45,,877,48,,,0,85,,878,48,0,5 6,0,85,,879,48,,,0,120,,881,48,,,0,160,,882,48,0,5 6,0
2132000,'cal8-sun',547,,889,48,,,0,83,,890,48,,,0,82,,901,48,,,0,45,,912,48,,,0,85,,914,48,,,0,85,,915,48,,,0,88,,916,48,0,5 6,0,24,,917,48,,,0,105,,918,48,0,5 6,0,59,,919,48,,,0,25,,891,48,,,0,86,,892,48,,,0,14,,893,48,,,0,30,,894,48,,,0,86,,895,48,,,0,87,,896,48,,,0,15,,897,48,,,0,69,,898,48,,,0,85,,899,48,,,0,15,,900,48,,,0,30,,902,48,,,0,79,,903,48,0,5 6,0,18,,904,48,,,0,69,,905,48,,,0,91,,906,48,,,0,24,,907,48,,,0,85,,908,48,,,0,45,,909,48,,,0,85,,910,48,0,5 6,0,85,,911,48,,,0,120,,913,48,0,5 6,0
2132000,'cal9-mon',542,,920,48,,,0,83,,921,48,,,0,82,,932,48,,,0,52,,939,48,,,0,90,,940,48,,,0,89,,941,48,,,0,93,,942,48,,,0,123,,943,48,,,0,61,,944,48,,,0,31,,945,48,,,0,88,,922,48,,,0,15,,923,48,,,0,75,,924,48,,,0,92,,925,48,,,0,36,,926,48,,,0,55,,927,48,,,0,50,,928,48,,,0,70,,929,48,,,0,20,,930,48,,,0,77,,931,48,,,0,127,,933,48,,,0,165,,934,48,,,0,125,,935,48,,,0,165,,937,48,0,5 6,0,120,,938,48,0,5 6,0
