2132000,'cal1-mon-tue-wed-thu-1',524,,614,30,,,0,83,,615,30,,,0,42,,626,30,,,0,85,,627,30,,,0,90,,628,30,,,0,90,,629,30,,,0,91,,630,30,,,0,125,,631,30,,,0,90,,632,30,,,0,90,,633,30,,,0,90,,616,30,,,0,51,,617,30,,,0,91,,618,30,,,0,90,,619,30,,,0,90,,620,30,,,0,85,,621,30,,,0,127,,622,30,,,0,125,,623,30,,,0,165,,624,30,,,0,125,,625,30,0,5 6,0
2132000,'cal10-fri-1',524,,634,30,,,0,83,,635,30,,,0,42,,646,30,,,0,85,,648,30,,,0,90,,649,30,,,0,90,,650,30,,,0,91,,651,30,,,0,125,,652,30,,,0,90,,653,30,,,0,90,,654,30,,,0,90,,636,30,,,0,51,,637,30,,,0,91,,638,30,,,0,90,,639,30,,,0,90,,640,30,,,0,85,,641,30,,,0,127,,642,30,,,0,125,,643,30,,,0,165,,644,30,,,0,125,,645,30,,,0,160,,647,30,0,5 6,0
2132000,'cal11-sat-1',529,,655,30,,,0,83,,656,30,,,0,42,,667,30,,,0,85,,671,30,,,0,85,,672,30,,,0,85,,673,30,,,0,46,,674,30,0,5 6,0,170,,675,30,0,5 6,0,85,,676,30,,,0,45,,677,30,,,0,85,,657,30,,,0,86,,658,30,,,0,85,,659,30,,,0,46,,660,30,,,0,85,,661,30,,,0,85,,662,30,,,0,80,,663,30,0,5 6,0,47,,664,30,0,5 6,0,155,,665,30,,,0,130,,666,30,,,0,170,,668,30,,,0,120,,669,30,,,0,120,,670,30,0,5 6,0
2132000,'cal12-fri',524,,678,30,,,0,83,,679,30,,,0,42,,690,30,,,0,85,,696,30,,,0,90,,697,30,,,0,90,,698,30,,,0,91,,699,30,,,0,125,,700,30,,,0,90,,701,30,,,0,90,,702,30,,,0,90,,680,30,,,0,51,,681,30,,,0,91,,682,30,,,0,90,,683,30,,,0,90,,684,30,,,0,85,,685,30,,,0,127,,686,30,,,0,75,,687,30,,,0,50,,688,30,,,0,80,,689,30,,,0,85,,691,30,,,0,85,,692,30,,,0,40,,693,30,,,0,80,,694,30,,,0,80,,695,30,0,5 6,0
2132000,'cal13-sat',529,,703,30,,,0,83,,704,30,,,0,42,,715,30,,,0,85,,723,30,,,0,85,,724,30,,,0,85,,725,30,,,0,46,,726,30,0,5 6,0,170,,727,30,0,5 6,0,85,,728,30,,,0,45,,729,30,,,0,85,,705,30,,,0,86,,706,30,,,0,85,,707,30,,,0,46,,708,30,,,0,85,,709,30,,,0,85,,710,30,,,0,80,,711,30,0,5 6,0,47,,712,30,0,5 6,0,155,,713,30,,,0,45,,714,30,,,0,85,,716,30,,,0,85,,717,30,,,0,85,,718,30,,,0,35,,719,30,,,0,85,,720,30,,,0,80,,721,30,0,5 6,0,40,,722,30,0,5 6,0
2132000,'cal2-fri',524,,730,30,,,0,83,,731,30,,,0,42,,742,30,,,0,85,,746,30,,,0,90,,747,30,,,0,90,,748,30,,,0,91,,749,30,,,0,125,,750,30,,,0,90,,751,30,,,0,90,,752,30,,,0,90,,732,30,,,0,51,,733,30,,,0,91,,734,30,,,0,90,,735,30,,,0,90,,736,30,,,0,85,,737,30,,,0,127,,738,30,,,0,75,,739,30,,,0,50,,740,30,,,0,80,,741,30,,,0,85,,743,30,,,0,125,,744,30,,,0,160,,745,30,0,5 6,0
2132000,'cal3-sat',529,,753,30,,,0,83,,754,30,,,0,42,,765,30,,,0,85,,771,30,,,0,85,,772,30,,,0,85,,773,30,,,0,46,,774,30,0,5 6,0,170,,775,30,0,5 6,0,85,,776,30,,,0,45,,777,30,,,0,85,,755,30,,,0,86,,756,30,,,0,85,,757,30,,,0,46,,758,30,,,0,85,,759,30,,,0,85,,760,30,,,0,80,,761,30,0,5 6,0,47,,762,30,,,0,155,,763,30,,,0,45,,764,30,,,0,85,,766,30,,,0,85,,767,30,0,5 6,0,85,,768,30,,,0,120,,769,30,,,0,120,,770,30,0,5 6,0
2132000,'cal4-sun-3',529,,778,30,,,0,83,,779,30,,,0,42,,790,30,,,0,85,,793,30,,,0,85,,794,30,,,0,85,,795,30,,,0,46,,796,30,0,5 6,0,170,,797,30,0,5 6,0,85,,798,30,,,0,45,,799,30,,,0,85,,780,30,,,0,86,,781,30,,,0,85,,782,30,,,0,46,,783,30,,,0,85,,784,30,,,0,85,,785,30,,,0,80,,786,30,0,5 6,0,47,,787,30,0,5 6,0,155,,788,30,,,0,130,,789,30,,,0,170,,791,30,,,0,120,,792,30,0,5 6,0
2132000,'cal5-sat',529,,800,30,,,0,83,,801,30,,,0,42,,812,30,,,0,85,,823,30,,,0,85,,824,30,,,0,85,,825,30,,,0,46,,826,30,0,5 6,0,170,,828,30,0,5 6,0,20,,829,30,,,0,65,,802,30,,,0,45,,803,30,,,0,55,,804,30,,,0,30,,805,30,,,0,86,,806,30,,,0,85,,807,30,,,0,16,,808,30,,,0,30,,809,30,,,0,85,,810,30,,,0,15,,811,30,,,0,70,,813,30,,,0,80,,814,30,0,5 6,0,47,,815,30,,,0,155,,816,30,,,0,45,,817,30,,,0,85,,818,30,,,0,85,,819,30,0,5 6,0,85,,820,30,,,0,120,,821,30,,,0,120,,822,30,0,5 6,0
2132000,'cal6-sun',529,,830,30,,,0,83,,831,30,,,0,42,,842,30,,,0,85,,850,30,,,0,85,,851,30,,,0,85,,852,30,,,0,46,,853,30,0,5 6,0,170,,855,30,0,5 6,0,20,,856,30,,,0,65,,832,30,,,0,45,,833,30,,,0,55,,834,30,,,0,30,,835,30,,,0,86,,836,30,,,0,85,,837,30,,,0,16,,838,30,,,0,30,,839,30,,,0,85,,840,30,,,0,15,,841,30,,,0,70,,843,30,,,0,80,,844,30,0,5 6,0,47,,845,30,,,0,155,,846,30,,,0,130,,847,30,,,0,170,,848,30,,,0,120,,849,30,0,5 6,0
2132000,'cal7-sat',529,,857,30,,,0,83,,858,30,,,0,42,,869,30,,,0,85,,880,30,,,0,85,,883,30,,,0,85,,884,30,,,0,46,,885,30,0,5 6,0,170,,887,30,0,5 6,0,20,,888,30,,,0,65,,859,30,,,0,45,,860,30,,,0,55,,861,30,,,0,30,,862,30,,,0,86,,863,30,,,0,85,,864,30,,,0,16,,865,30,,,0,30,,866,30,,,0,85,,867,30,,,0,15,,868,30,,,0,70,,870,30,,,0,80,,871,30,0,5 6,0,18,,872,30,,,0,29,,873,30,,,0,91,,874,30,,,0,64,,875,30,,,0,45,,876,30,,,0,85,,877,30,,,0,85,,878,30,0,5 6,0,85,,879,30,,,0,120,,881,30,,,0,120,,882,30,0,5 6,0
2132000,'cal8-sun',529,,889,30,,,0,83,,890,30,,,0,42,,901,30,,,0,85,,912,30,,,0,85,,914,30,,,0,85,,915,30,,,0,46,,916,30,0,5 6,0,170,,918,30,0,5 6,0,20,,919,30,,,0,65,,891,30,,,0,45,,892,30,,,0,55,,893,30,,,0,30,,894,30,,,0,86,,895,30,,,0,85,,896,30,,,0,16,,897,30,,,0,30,,898,30,,,0,85,,899,30,,,0,15,,900,30,,,0,70,,902,30,,,0,80,,903,30,0,5 6,0,18,,904,30,,,0,29,,905,30,,,0,91,,906,30,,,0,64,,907,30,,,0,45,,908,30,,,0,85,,909,30,,,0,85,,910,30,0,5 6,0,85,,911,30,,,0,120,,913,30,0,5 6,0
2132000,'cal9-mon',524,,920,30,,,0,83,,921,30,,,0,42,,932,30,,,0,85,,939,30,,,0,90,,940,30,,,0,90,,941,30,,,0,91,,942,30,,,0,125,,943,30,,,0,90,,945,30,,,0,90,,922,30,,,0,15,,923,30,,,0,75,,924,30,,,0,51,,925,30,,,0,76,,926,30,,,0,15,,927,30,,,0,90,,928,30,,,0,70,,929,30,,,0,20,,930,30,,,0,85,,931,30,,,0,127,,933,30,,,0,125,,934,30,,,0,165,,935,30,,,0,125,,937,30,0,5 6,0,160,,938,30,0,5 6,0
