2132000,'cal1-mon-tue-wed-thu-1',530,,614,36,,,0,83,,615,36,,,0,42,,626,36,,,0,85,,627,36,,,0,90,,628,36,,,0,90,,629,36,,,0,93,,630,36,,,0,123,,631,36,,,0,92,,632,36,,,0,88,,633,36,,,0,90,,616,36,,,0,51,,617,36,,,0,91,,618,36,,,0,90,,619,36,,,0,90,,620,36,,,0,85,,621,36,,,0,127,,622,36,,,0,165,,623,36,,,0,125,,624,36,,,0,125,,625,36,0,5 6,0
2132000,'cal10-fri-1',530,,634,36,,,0,83,,635,36,,,0,42,,646,36,,,0,85,,648,36,,,0,90,,649,36,,,0,90,,650,36,,,0,93,,651,36,,,0,123,,652,36,,,0,92,,653,36,,,0,88,,654,36,,,0,90,,636,36,,,0,51,,637,36,,,0,91,,638,36,,,0,90,,639,36,,,0,90,,640,36,,,0,85,,641,36,,,0,127,,642,36,,,0,165,,643,36,,,0,125,,644,36,,,0,125,,645,36,,,0,160,,647,36,0,5 6,0
2132000,'cal11-sat-1',535,,655,36,,,0,83,,656,36,,,0,82,,667,36,,,0,45,,671,36,,,0,85,,672,36,,,0,85,,673,36,,,0,88,,674,36,0,5 6,0,129,,675,36,0,5 6,0,84,,676,36,,,0,86,,677,36,,,0,44,,657,36,,,0,86,,658,36,,,0,85,,659,36,,,0,86,,660,36,,,0,45,,661,36,,,0,85,,662,36,,,0,80,,663,36,0,5 6,0,87,,664,36,0,5 6,0,115,,665,36,,,0,130,,666,36,,,0,170,,668,36,,,0,120,,669,36,,,0,120,,670,36,0,5 6,0
2132000,'cal12-fri',530,,678,36,,,0,83,,679,36,,,0,42,,690,36,,,0,85,,696,36,,,0,90,,697,36,,,0,90,,698,36,,,0,93,,699,36,,,0,123,,700,36,,,0,92,,701,36,,,0,88,,702,36,,,0,90,,680,36,,,0,51,,681,36,,,0,91,,682,36,,,0,90,,683,36,,,0,90,,684,36,,,0,85,,685,36,,,0,127,,686,36,,,0,75,,687,36,,,0,90,,688,36,,,0,40,,689,36,,,0,85,,691,36,,,0,85,,692,36,,,0,40,,693,36,,,0,80,,694,36,,,0,80,,695,36,0,5 6,0
2132000,'cal13-sat',535,,703,36,,,0,83,,704,36,,,0,82,,715,36,,,0,45,,723,36,,,0,85,,724,36,,,0,85,,725,36,,,0,88,,726,36,0,5 6,0,129,,727,36,0,5 6,0,84,,728,36,,,0,86,,729,36,,,0,44,,705,36,,,0,86,,706,36,,,0,85,,707,36,,,0,86,,708,36,,,0,45,,709,36,,,0,85,,710,36,,,0,80,,711,36,0,5 6,0,87,,712,36,0,5 6,0,115,,713,36,,,0,85,,714,36,,,0,45,,716,36,,,0,85,,717,36,,,0,85,,718,36,,,0,35,,719,36,,,0,85,,720,36,,,0,80,,721,36,0,5 6,0,40,,722,36,0,5 6,0
2132000,'cal2-fri',530,,730,36,,,0,83,,731,36,,,0,42,,742,36,,,0,85,,746,36,,,0,90,,747,36,,,0,90,,748,36,,,0,93,,749,36,,,0,123,,750,36,,,0,92,,751,36,,,0,88,,752,36,,,0,90,,732,36,,,0,51,,733,36,,,0,91,,734,36,,,0,90,,735,36,,,0,90,,736,36,,,0,85,,737,36,,,0,127,,738,36,,,0,75,,739,36,,,0,90,,740,36,,,0,40,,741,36,,,0,85,,743,36,,,0,125,,744,36,,,0,160,,745,36,0,5 6,0
2132000,'cal3-sat',535,,753,36,,,0,83,,754,36,,,0,82,,765,36,,,0,45,,771,36,,,0,85,,772,36,,,0,85,,773,36,,,0,88,,774,36,0,5 6,0,129,,775,36,0,5 6,0,84,,776,36,,,0,86,,777,36,,,0,44,,755,36,,,0,86,,756,36,,,0,85,,757,36,,,0,86,,758,36,,,0,45,,759,36,,,0,85,,760,36,,,0,80,,761,36,0,5 6,0,87,,762,36,,,0,115,,763,36,,,0,85,,764,36,,,0,45,,766,36,,,0,85,,767,36,0,5 6,0,85,,768,36,,,0,120,,769,36,,,0,120,,770,36,0,5 6,0
2132000,'cal4-sun-3',535,,778,36,,,0,83,,779,36,,,0,82,,790,36,,,0,45,,793,36,,,0,85,,794,36,,,0,85,,795,36,,,0,88,,796,36,0,5 6,0,129,,797,36,0,5 6,0,84,,798,36,,,0,86,,799,36,,,0,44,,780,36,,,0,86,,781,36,,,0,85,,782,36,,,0,86,,783,36,,,0,45,,784,36,,,0,85,,785,36,,,0,80,,786,36,0,5 6,0,87,,787,36,0,5 6,0,115,,788,36,,,0,130,,789,36,,,0,170,,791,36,,,0,120,,792,36,0,5 6,0
2132000,'cal5-sat',535,,800,36,,,0,83,,801,36,,,0,82,,812,36,,,0,45,,823,36,,,0,85,,824,36,,,0,85,,825,36,,,0,88,,826,36,0,5 6,0,129,,828,36,0,5 6,0,19,,829,36,,,0,65,,802,36,,,0,86,,803,36,,,0,14,,804,36,,,0,30,,805,36,,,0,86,,806,36,,,0,85,,807,36,,,0,16,,808,36,,,0,70,,809,36,,,0,45,,810,36,,,0,55,,811,36,,,0,30,,813,36,,,0,80,,814,36,0,5 6,0,87,,815,36,,,0,115,,816,36,,,0,85,,817,36,,,0,45,,818,36,,,0,85,,819,36,0,5 6,0,85,,820,36,,,0,120,,821,36,,,0,120,,822,36,0,5 6,0
2132000,'cal6-sun',535,,830,36,,,0,83,,831,36,,,0,82,,842,36,,,0,45,,850,36,,,0,85,,851,36,,,0,85,,852,36,,,0,88,,853,36,0,5 6,0,129,,855,36,0,5 6,0,19,,856,36,,,0,65,,832,36,,,0,86,,833,36,,,0,14,,834,36,,,0,30,,835,36,,,0,86,,836,36,,,0,85,,837,36,,,0,16,,838,36,,,0,70,,839,36,,,0,45,,840,36,,,0,55,,841,36,,,0,30,,843,36,,,0,80,,844,36,0,5 6,0,87,,845,36,,,0,115,,846,36,,,0,130,,847,36,,,0,170,,848,36,,,0,120,,849,36,0,5 6,0
2132000,'cal7-sat',535,,857,36,,,0,83,,858,36,,,0,82,,869,36,,,0,45,,880,36,,,0,85,,883,36,,,0,85,,884,36,,,0,88,,885,36,0,5 6,0,129,,887,36,0,5 6,0,19,,888,36,,,0,65,,859,36,,,0,86,,860,36,,,0,14,,861,36,,,0,30,,862,36,,,0,86,,863,36,,,0,85,,864,36,,,0,16,,865,36,,,0,70,,866,36,,,0,45,,867,36,,,0,55,,868,36,,,0,30,,870,36,,,0,80,,871,36,0,5 6,0,18,,872,36,,,0,69,,873,36,,,0,51,,874,36,,,0,64,,875,36,,,0,85,,876,36,,,0,45,,877,36,,,0,85,,878,36,0,5 6,0,85,,879,36,,,0,120,,881,36,,,0,120,,882,36,0,5 6,0
2132000,'cal8-sun',535,,889,36,,,0,83,,890,36,,,0,82,,901,36,,,0,45,,912,36,,,0,85,,914,36,,,0,85,,915,36,,,0,88,,916,36,0,5 6,0,129,,918,36,0,5 6,0,19,,919,36,,,0,65,,891,36,,,0,86,,892,36,,,0,14,,893,36,,,0,30,,894,36,,,0,86,,895,36,,,0,85,,896,36,,,0,16,,897,36,,,0,70,,898,36,,,0,45,,899,36,,,0,55,,900,36,,,0,30,,902,36,,,0,80,,903,36,0,5 6,0,18,,904,36,,,0,69,,905,36,,,0,51,,906,36,,,0,64,,907,36,,,0,85,,908,36,,,0,45,,909,36,,,0,85,,910,36,0,5 6,0,85,,911,36,,,0,120,,913,36,0,5 6,0
2132000,'cal9-mon',530,,920,36,,,0,83,,921,36,,,0,42,,932,36,,,0,85,,939,36,,,0,90,,940,36,,,0,90,,941,36,,,0,93,,942,36,,,0,123,,943,36,,,0,92,,945,36,,,0,88,,922,36,,,0,15,,923,36,,,0,75,,924,36,,,0,51,,925,36,,,0,76,,926,36,,,0,15,,927,36,,,0,90,,928,36,,,0,70,,929,36,,,0,20,,930,36,,,0,85,,931,36,,,0,127,,933,36,,,0,165,,934,36,,,0,125,,935,36,,,0,125,,937,36,0,5 6,0,160,,938,36,0,5 6,0
