2132000,'cal1-mon-tue-wed-thu-1',643,,626,23,,,0,85,,627,23,,,0,90,,628,23,,,0,90,,629,23,,,0,50,,630,23,,,0,165,,631,23,,,0,90,,632,23,,,0,90,,633,23,,,0,50,,616,23,,,0,91,,617,23,,,0,91,,618,23,,,0,90,,619,23,,,0,90,,620,23,,,0,85,,621,23,,,0,128,,622,23,,,0,125,,623,23,,,0,165,,624,23,,,0,125,,625,23,0,5 6,0
2132000,'cal10-fri-1',643,,646,23,,,0,85,,648,23,,,0,90,,649,23,,,0,90,,650,23,,,0,50,,651,23,,,0,165,,652,23,,,0,90,,653,23,,,0,90,,654,23,,,0,50,,636,23,,,0,91,,637,23,,,0,91,,638,23,,,0,90,,639,23,,,0,90,,640,23,,,0,85,,641,23,,,0,128,,642,23,,,0,125,,643,23,,,0,165,,644,23,,,0,125,,645,23,,,0,160,,647,23,0,5 6,0
2132000,'cal11-sat-1',648,,667,23,,,0,85,,671,23,,,0,85,,672,23,,,0,85,,673,23,,,0,45,,674,23,0,5 6,0,170,,675,23,0,5 6,0,85,,676,23,,,0,45,,677,23,,,0,85,,657,23,,,0,86,,658,23,,,0,85,,659,23,,,0,46,,660,23,,,0,85,,661,23,,,0,85,,662,23,,,0,80,,663,23,0,5 6,0,48,,664,23,0,5 6,0,155,,665,23,,,0,130,,666,23,,,0,170,,668,23,,,0,120,,669,23,,,0,120,,670,23,0,5 6,0
2132000,'cal12-fri',643,,690,23,,,0,85,,696,23,,,0,90,,697,23,,,0,90,,698,23,,,0,50,,699,23,,,0,165,,700,23,,,0,90,,701,23,,,0,90,,702,23,,,0,50,,680,23,,,0,91,,681,23,,,0,91,,682,23,,,0,90,,683,23,,,0,90,,684,23,,,0,85,,685,23,,,0,128,,686,23,,,0,75,,687,23,,,0,50,,688,23,,,0,80,,689,23,,,0,85,,691,23,,,0,85,,692,23,,,0,40,,693,23,,,0,80,,694,23,,,0,80,,695,23,0,5 6,0
2132000,'cal13-sat',648,,715,23,,,0,85,,723,23,,,0,85,,724,23,,,0,85,,725,23,,,0,45,,726,23,0,5 6,0,170,,727,23,0,5 6,0,85,,728,23,,,0,45,,729,23,,,0,85,,705,23,,,0,86,,706,23,,,0,85,,707,23,,,0,46,,708,23,,,0,85,,709,23,,,0,85,,710,23,,,0,80,,711,23,0,5 6,0,48,,712,23,0,5 6,0,155,,713,23,,,0,45,,714,23,,,0,85,,716,23,,,0,85,,717,23,,,0,85,,718,23,,,0,35,,719,23,,,0,85,,720,23,,,0,80,,721,23,0,5 6,0,40,,722,23,0,5 6,0
2132000,'cal2-fri',643,,742,23,,,0,85,,746,23,,,0,90,,747,23,,,0,90,,748,23,,,0,50,,749,23,,,0,165,,750,23,,,0,90,,751,23,,,0,90,,752,23,,,0,50,,732,23,,,0,91,,733,23,,,0,91,,734,23,,,0,90,,735,23,,,0,90,,736,23,,,0,85,,737,23,,,0,128,,738,23,,,0,75,,739,23,,,0,50,,740,23,,,0,80,,741,23,,,0,85,,743,23,,,0,125,,744,23,,,0,160,,745,23,0,5 6,0
2132000,'cal3-sat',648,,765,23,,,0,85,,771,23,,,0,85,,772,23,,,0,85,,773,23,,,0,45,,774,23,0,5 6,0,170,,775,23,0,5 6,0,85,,776,23,,,0,45,,777,23,,,0,85,,755,23,,,0,86,,756,23,,,0,85,,757,23,,,0,46,,758,23,,,0,85,,759,23,,,0,85,,760,23,,,0,80,,761,23,0,5 6,0,48,,762,23,,,0,155,,763,23,,,0,45,,764,23,,,0,85,,766,23,,,0,85,,767,23,0,5 6,0,85,,768,23,,,0,120,,769,23,,,0,120,,770,23,0,5 6,0
2132000,'cal4-sun-3',648,,790,23,,,0,85,,793,23,,,0,85,,794,23,,,0,85,,795,23,,,0,45,,796,23,0,5 6,0,170,,797,23,0,5 6,0,85,,798,23,,,0,45,,799,23,,,0,85,,780,23,,,0,86,,781,23,,,0,85,,782,23,,,0,46,,783,23,,,0,85,,784,23,,,0,85,,785,23,,,0,80,,786,23,0,5 6,0,48,,787,23,0,5 6,0,155,,788,23,,,0,130,,789,23,,,0,170,,791,23,,,0,120,,792,23,0,5 6,0
2132000,'cal5-sat',648,,812,23,,,0,85,,823,23,,,0,85,,824,23,,,0,85,,825,23,,,0,45,,826,23,0,5 6,0,170,,828,23,0,5 6,0,20,,829,23,,,0,65,,802,23,,,0,45,,803,23,,,0,55,,804,23,,,0,30,,805,23,,,0,86,,806,23,,,0,85,,807,23,,,0,16,,808,23,,,0,30,,809,23,,,0,85,,810,23,,,0,15,,811,23,,,0,70,,813,23,,,0,80,,814,23,0,5 6,0,48,,815,23,,,0,155,,816,23,,,0,45,,817,23,,,0,85,,818,23,,,0,85,,819,23,0,5 6,0,85,,820,23,,,0,120,,821,23,,,0,120,,822,23,0,5 6,0
2132000,'cal6-sun',648,,842,23,,,0,85,,850,23,,,0,85,,851,23,,,0,85,,852,23,,,0,45,,853,23,0,5 6,0,170,,855,23,0,5 6,0,20,,856,23,,,0,65,,832,23,,,0,45,,833,23,,,0,55,,834,23,,,0,30,,835,23,,,0,86,,836,23,,,0,85,,837,23,,,0,16,,838,23,,,0,30,,839,23,,,0,85,,840,23,,,0,15,,841,23,,,0,70,,843,23,,,0,80,,844,23,0,5 6,0,48,,845,23,,,0,155,,846,23,,,0,130,,847,23,,,0,170,,848,23,,,0,120,,849,23,0,5 6,0
2132000,'cal7-sat',648,,869,23,,,0,85,,880,23,,,0,85,,883,23,,,0,85,,884,23,,,0,45,,885,23,0,5 6,0,170,,887,23,0,5 6,0,20,,888,23,,,0,65,,859,23,,,0,45,,860,23,,,0,55,,861,23,,,0,30,,862,23,,,0,86,,863,23,,,0,85,,864,23,,,0,16,,865,23,,,0,30,,866,23,,,0,85,,867,23,,,0,15,,868,23,,,0,70,,870,23,,,0,80,,871,23,0,5 6,0,19,,872,23,,,0,29,,873,23,,,0,91,,874,23,,,0,64,,875,23,,,0,45,,876,23,,,0,85,,877,23,,,0,85,,878,23,0,5 6,0,85,,879,23,,,0,120,,881,23,,,0,120,,882,23,0,5 6,0
2132000,'cal8-sun',648,,901,23,,,0,85,,912,23,,,0,85,,914,23,,,0,85,,915,23,,,0,45,,916,23,0,5 6,0,170,,918,23,0,5 6,0,20,,919,23,,,0,65,,891,23,,,0,45,,892,23,,,0,55,,893,23,,,0,30,,894,23,,,0,86,,895,23,,,0,85,,896,23,,,0,16,,897,23,,,0,30,,898,23,,,0,85,,899,23,,,0,15,,900,23,,,0,70,,902,23,,,0,80,,903,23,0,5 6,0,19,,904,23,,,0,29,,905,23,,,0,91,,906,23,,,0,64,,907,23,,,0,45,,908,23,,,0,85,,909,23,,,0,85,,910,23,0,5 6,0,85,,911,23,,,0,120,,913,23,0,5 6,0
2132000,'cal9-mon',643,,932,23,,,0,85,,939,23,,,0,90,,940,23,,,0,90,,941,23,,,0,50,,942,23,,,0,165,,943,23,,,0,90,,945,23,,,0,90,,922,23,,,0,15,,923,23,,,0,35,,924,23,,,0,91,,925,23,,,0,76,,926,23,,,0,15,,927,23,,,0,90,,928,23,,,0,30,,929,23,,,0,60,,930,23,,,0,85,,931,23,,,0,128,,933,23,,,0,125,,934,23,,,0,165,,935,23,,,0,125,,937,23,0,5 6,0,160,,938,23,0,5 6,0
