2132000,'cal1-mon-tue-wed-thu-1',549,,614,55,,,0,83,,615,55,,,0,82,,626,55,,,0,94,,627,55,,,0,50,,628,55,,,0,88,,629,55,,,0,93,,630,55,,,0,163,,631,55,,,0,52,,632,55,,,0,88,,633,55,,,0,90,,616,55,,,0,92,,617,55,,,0,92,,618,55,,,0,90,,619,55,,,0,49,,620,55,,,0,203,,622,55,,,0,165,,623,55,,,0
2132000,'cal10-fri-1',549,,634,55,,,0,83,,635,55,,,0,82,,646,55,,,0,94,,648,55,,,0,50,,649,55,,,0,88,,650,55,,,0,93,,651,55,,,0,163,,652,55,,,0,52,,653,55,,,0,88,,654,55,,,0,90,,636,55,,,0,92,,637,55,,,0,92,,638,55,,,0,90,,639,55,,,0,49,,640,55,,,0,203,,642,55,,,0,165,,643,55,,,0
2132000,'cal11-sat-1',554,,655,55,,,0,83,,656,55,,,0,82,,667,55,,,0,85,,671,55,,,0,45,,672,55,,,0,85,,673,55,,,0,88,,674,55,0,5 6,0,129,,675,55,0,5 6,0,84,,676,55,,,0,86,,677,55,,,0,84,,657,55,,,0,46,,658,55,,,0,87,,659,55,,,0,84,,660,55,,,0,85,,661,55,,,0,45,,662,55,,,0,79,,663,55,0,5 6,0,202,,665,55,,,0,170,,666,55,,,0
2132000,'cal12-fri',549,,678,55,,,0,83,,679,55,,,0,82,,690,55,,,0,94,,696,55,,,0,50,,697,55,,,0,88,,698,55,,,0,93,,699,55,,,0,163,,700,55,,,0,52,,701,55,,,0,88,,702,55,,,0,90,,680,55,,,0,92,,681,55,,,0,92,,682,55,,,0,90,,683,55,,,0,49,,684,55,,,0,76,,685,55,,,0,127,,686,55,,,0,75,,687,55,,,0,90,,688,55,,,0,80,,689,55,,,0
2132000,'cal13-sat',554,,703,55,,,0,83,,704,55,,,0,82,,715,55,,,0,85,,723,55,,,0,45,,724,55,,,0,85,,725,55,,,0,88,,726,55,0,5 6,0,129,,727,55,0,5 6,0,84,,728,55,,,0,86,,729,55,,,0,84,,705,55,,,0,46,,706,55,,,0,87,,707,55,,,0,84,,708,55,,,0,85,,709,55,,,0,45,,710,55,,,0,79,,711,55,0,5 6,0,87,,712,55,0,5 6,0,115,,713,55,,,0,85,,714,55,,,0,85,,716,55,,,0,45,,717,55,,,0
2132000,'cal2-fri',549,,730,55,,,0,83,,731,55,,,0,82,,742,55,,,0,94,,746,55,,,0,50,,747,55,,,0,88,,748,55,,,0,93,,749,55,,,0,163,,750,55,,,0,52,,751,55,,,0,88,,752,55,,,0,90,,732,55,,,0,92,,733,55,,,0,92,,734,55,,,0,90,,735,55,,,0,49,,736,55,,,0,76,,737,55,,,0,127,,738,55,,,0,75,,739,55,,,0,90,,740,55,,,0
2132000,'cal3-sat',554,,753,55,,,0,83,,754,55,,,0,82,,765,55,,,0,85,,771,55,,,0,45,,772,55,,,0,85,,773,55,,,0,88,,774,55,0,5 6,0,129,,775,55,0,5 6,0,84,,776,55,,,0,86,,777,55,,,0,84,,755,55,,,0,46,,756,55,,,0,87,,757,55,,,0,84,,758,55,,,0,85,,759,55,,,0,45,,760,55,,,0,79,,761,55,0,5 6,0,87,,762,55,,,0,115,,763,55,,,0,85,,764,55,,,0,85,,766,55,,,0
2132000,'cal4-sun-3',554,,778,55,,,0,83,,779,55,,,0,82,,790,55,,,0,85,,793,55,,,0,45,,794,55,,,0,85,,795,55,,,0,88,,796,55,0,5 6,0,129,,797,55,0,5 6,0,84,,798,55,,,0,86,,799,55,,,0,84,,780,55,,,0,46,,781,55,,,0,87,,782,55,,,0,84,,783,55,,,0,85,,784,55,,,0,45,,785,55,,,0,79,,786,55,0,5 6,0,202,,788,55,,,0,170,,789,55,,,0
2132000,'cal5-sat',554,,800,55,,,0,83,,801,55,,,0,82,,812,55,,,0,85,,823,55,,,0,45,,824,55,,,0,85,,825,55,,,0,88,,826,55,0,5 6,0,24,,827,55,,,0,105,,828,55,0,5 6,0,59,,829,55,,,0,25,,802,55,,,0,86,,803,55,,,0,14,,804,55,,,0,70,,805,55,,,0,46,,806,55,,,0,87,,807,55,,,0,15,,808,55,,,0,69,,809,55,,,0,85,,810,55,,,0,15,,811,55,,,0,30,,813,55,,,0,79,,814,55,0,5 6,0,87,,815,55,,,0,115,,816,55,,,0,85,,817,55,,,0,85,,818,55,,,0
2132000,'cal6-sun',554,,830,55,,,0,83,,831,55,,,0,82,,842,55,,,0,85,,850,55,,,0,45,,851,55,,,0,85,,852,55,,,0,88,,853,55,0,5 6,0,24,,854,55,,,0,105,,855,55,0,5 6,0,59,,856,55,,,0,25,,832,55,,,0,86,,833,55,,,0,14,,834,55,,,0,70,,835,55,,,0,46,,836,55,,,0,87,,837,55,,,0,15,,838,55,,,0,69,,839,55,,,0,85,,840,55,,,0,15,,841,55,,,0,30,,843,55,,,0,79,,844,55,0,5 6,0,202,,846,55,,,0,170,,847,55,,,0
2132000,'cal7-sat',554,,857,55,,,0,83,,858,55,,,0,82,,869,55,,,0,85,,880,55,,,0,45,,883,55,,,0,85,,884,55,,,0,88,,885,55,0,5 6,0,24,,886,55,,,0,105,,887,55,0,5 6,0,59,,888,55,,,0,25,,859,55,,,0,86,,860,55,,,0,14,,861,55,,,0,70,,862,55,,,0,46,,863,55,,,0,87,,864,55,,,0,15,,865,55,,,0,69,,866,55,,,0,85,,867,55,,,0,15,,868,55,,,0,30,,870,55,,,0,79,,871,55,0,5 6,0,18,,872,55,,,0,69,,873,55,,,0,115,,875,55,,,0,85,,876,55,,,0,85,,877,55,,,0
2132000,'cal8-sun',554,,889,55,,,0,83,,890,55,,,0,82,,901,55,,,0,85,,912,55,,,0,45,,914,55,,,0,85,,915,55,,,0,88,,916,55,0,5 6,0,24,,917,55,,,0,105,,918,55,0,5 6,0,59,,919,55,,,0,25,,891,55,,,0,86,,892,55,,,0,14,,893,55,,,0,70,,894,55,,,0,46,,895,55,,,0,87,,896,55,,,0,15,,897,55,,,0,69,,898,55,,,0,85,,899,55,,,0,15,,900,55,,,0,30,,902,55,,,0,79,,903,55,0,5 6,0,18,,904,55,,,0,69,,905,55,,,0,115,,907,55,,,0,85,,908,55,,,0,85,,909,55,,,0
2132000,'cal9-mon',549,,920,55,,,0,83,,921,55,,,0,82,,932,55,,,0,94,,939,55,,,0,50,,940,55,,,0,88,,941,55,,,0,93,,942,55,,,0,163,,943,55,,,0,21,,944,55,,,0,31,,945,55,,,0,88,,922,55,,,0,15,,923,55,,,0,75,,924,55,,,0,92,,925,55,,,0,77,,926,55,,,0,15,,927,55,,,0,90,,928,55,,,0,29,,929,55,,,0,20,,930,55,,,0,203,,933,55,,,0,165,,934,55,,,0
