2132000,'cal1-mon-tue-wed-thu-1',553,,614,57,,,0,83,,615,57,,,0,82,,626,57,,,0,94,,627,57,,,0,90,,628,57,,,0,48,,629,57,,,0,93,,630,57,,,0,163,,631,57,,,0,52,,632,57,,,0,88,,633,57,,,0,90,,616,57,,,0,92,,617,57,,,0,92,,618,57,,,0,90,,619,57,,,0,49,,620,57,,,0,242,,622,57,,,0,125,,623,57,,,0,123,,624,57,,,0
2132000,'cal10-fri-1',553,,634,57,,,0,83,,635,57,,,0,82,,646,57,,,0,94,,648,57,,,0,90,,649,57,,,0,48,,650,57,,,0,93,,651,57,,,0,163,,652,57,,,0,52,,653,57,,,0,88,,654,57,,,0,90,,636,57,,,0,92,,637,57,,,0,92,,638,57,,,0,90,,639,57,,,0,49,,640,57,,,0,242,,642,57,,,0,125,,643,57,,,0,123,,644,57,,,0,165,,645,57,,,0
2132000,'cal11-sat-1',558,,655,57,,,0,83,,656,57,,,0,82,,667,57,,,0,85,,671,57,,,0,45,,672,57,,,0,85,,673,57,,,0,88,,674,57,0,5 6,0,129,,675,57,0,5 6,0,84,,676,57,,,0,86,,677,57,,,0,84,,657,57,,,0,46,,658,57,,,0,87,,659,57,,,0,84,,660,57,,,0,85,,661,57,,,0,45,,662,57,,,0,78,,663,57,0,5 6,0,202,,665,57,,,0,170,,666,57,,,0,128,,668,57,,,0,120,,669,57,,,0
2132000,'cal12-fri',553,,678,57,,,0,83,,679,57,,,0,82,,690,57,,,0,94,,696,57,,,0,90,,697,57,,,0,48,,698,57,,,0,93,,699,57,,,0,163,,700,57,,,0,52,,701,57,,,0,88,,702,57,,,0,90,,680,57,,,0,92,,681,57,,,0,92,,682,57,,,0,90,,683,57,,,0,49,,684,57,,,0,75,,685,57,,,0,167,,686,57,,,0,35,,687,57,,,0,90,,688,57,,,0,80,,689,57,,,0,43,,691,57,,,0,85,,692,57,,,0,80,,693,57,,,0
2132000,'cal13-sat',558,,703,57,,,0,83,,704,57,,,0,82,,715,57,,,0,85,,723,57,,,0,45,,724,57,,,0,85,,725,57,,,0,88,,726,57,0,5 6,0,129,,727,57,0,5 6,0,84,,728,57,,,0,86,,729,57,,,0,84,,705,57,,,0,46,,706,57,,,0,87,,707,57,,,0,84,,708,57,,,0,85,,709,57,,,0,45,,710,57,,,0,78,,711,57,0,5 6,0,87,,712,57,0,5 6,0,115,,713,57,,,0,85,,714,57,,,0,85,,716,57,,,0,45,,717,57,,,0,83,,718,57,,,0,75,,719,57,,,0,45,,720,57,,,0
2132000,'cal2-fri',553,,730,57,,,0,83,,731,57,,,0,82,,742,57,,,0,94,,746,57,,,0,90,,747,57,,,0,48,,748,57,,,0,93,,749,57,,,0,163,,750,57,,,0,52,,751,57,,,0,88,,752,57,,,0,90,,732,57,,,0,92,,733,57,,,0,92,,734,57,,,0,90,,735,57,,,0,49,,736,57,,,0,75,,737,57,,,0,167,,738,57,,,0,35,,739,57,,,0,90,,740,57,,,0,123,,743,57,,,0,165,,744,57,,,0
2132000,'cal3-sat',558,,753,57,,,0,83,,754,57,,,0,82,,765,57,,,0,85,,771,57,,,0,45,,772,57,,,0,85,,773,57,,,0,88,,774,57,0,5 6,0,129,,775,57,0,5 6,0,84,,776,57,,,0,86,,777,57,,,0,84,,755,57,,,0,46,,756,57,,,0,87,,757,57,,,0,84,,758,57,,,0,85,,759,57,,,0,45,,760,57,,,0,78,,761,57,0,5 6,0,87,,762,57,,,0,115,,763,57,,,0,85,,764,57,,,0,85,,766,57,,,0,128,,768,57,,,0,120,,769,57,,,0
2132000,'cal4-sun-3',558,,778,57,,,0,83,,779,57,,,0,82,,790,57,,,0,85,,793,57,,,0,45,,794,57,,,0,85,,795,57,,,0,88,,796,57,0,5 6,0,129,,797,57,0,5 6,0,84,,798,57,,,0,86,,799,57,,,0,84,,780,57,,,0,46,,781,57,,,0,87,,782,57,,,0,84,,783,57,,,0,85,,784,57,,,0,45,,785,57,,,0,78,,786,57,0,5 6,0,202,,788,57,,,0,170,,789,57,,,0,128,,791,57,,,0
2132000,'cal5-sat',558,,800,57,,,0,83,,801,57,,,0,82,,812,57,,,0,85,,823,57,,,0,45,,824,57,,,0,85,,825,57,,,0,88,,826,57,0,5 6,0,24,,827,57,,,0,105,,828,57,0,5 6,0,59,,829,57,,,0,25,,802,57,,,0,86,,803,57,,,0,14,,804,57,,,0,70,,805,57,,,0,46,,806,57,,,0,87,,807,57,,,0,15,,808,57,,,0,69,,809,57,,,0,85,,810,57,,,0,15,,811,57,,,0,30,,813,57,,,0,78,,814,57,0,5 6,0,87,,815,57,,,0,115,,816,57,,,0,85,,817,57,,,0,85,,818,57,,,0,128,,820,57,,,0,120,,821,57,,,0
2132000,'cal6-sun',558,,830,57,,,0,83,,831,57,,,0,82,,842,57,,,0,85,,850,57,,,0,45,,851,57,,,0,85,,852,57,,,0,88,,853,57,0,5 6,0,24,,854,57,,,0,105,,855,57,0,5 6,0,59,,856,57,,,0,25,,832,57,,,0,86,,833,57,,,0,14,,834,57,,,0,70,,835,57,,,0,46,,836,57,,,0,87,,837,57,,,0,15,,838,57,,,0,69,,839,57,,,0,85,,840,57,,,0,15,,841,57,,,0,30,,843,57,,,0,78,,844,57,0,5 6,0,202,,846,57,,,0,170,,847,57,,,0,128,,848,57,,,0
2132000,'cal7-sat',558,,857,57,,,0,83,,858,57,,,0,82,,869,57,,,0,85,,880,57,,,0,45,,883,57,,,0,85,,884,57,,,0,88,,885,57,0,5 6,0,24,,886,57,,,0,105,,887,57,0,5 6,0,59,,888,57,,,0,25,,859,57,,,0,86,,860,57,,,0,14,,861,57,,,0,70,,862,57,,,0,46,,863,57,,,0,87,,864,57,,,0,15,,865,57,,,0,69,,866,57,,,0,85,,867,57,,,0,15,,868,57,,,0,30,,870,57,,,0,78,,871,57,0,5 6,0,18,,872,57,,,0,69,,873,57,,,0,115,,875,57,,,0,85,,876,57,,,0,85,,877,57,,,0,128,,879,57,,,0,120,,881,57,,,0
2132000,'cal8-sun',558,,889,57,,,0,83,,890,57,,,0,82,,901,57,,,0,85,,912,57,,,0,45,,914,57,,,0,85,,915,57,,,0,88,,916,57,0,5 6,0,24,,917,57,,,0,105,,918,57,0,5 6,0,59,,919,57,,,0,25,,891,57,,,0,86,,892,57,,,0,14,,893,57,,,0,70,,894,57,,,0,46,,895,57,,,0,87,,896,57,,,0,15,,897,57,,,0,69,,898,57,,,0,85,,899,57,,,0,15,,900,57,,,0,30,,902,57,,,0,78,,903,57,0,5 6,0,18,,904,57,,,0,69,,905,57,,,0,115,,907,57,,,0,85,,908,57,,,0,85,,909,57,,,0,128,,911,57,,,0
2132000,'cal9-mon',553,,920,57,,,0,83,,921,57,,,0,82,,932,57,,,0,94,,939,57,,,0,90,,940,57,,,0,48,,941,57,,,0,93,,942,57,,,0,163,,943,57,,,0,21,,944,57,,,0,31,,945,57,,,0,88,,922,57,,,0,55,,923,57,,,0,35,,924,57,,,0,92,,925,57,,,0,77,,926,57,,,0,15,,927,57,,,0,90,,928,57,,,0,29,,929,57,,,0,20,,930,57,,,0,242,,933,57,,,0,125,,934,57,,,0,123,,935,57,,,0,165,,936,57,,,0
