2132000,'cal1-mon-tue-wed-thu-1',626,,626,1,,,0,85,,627,1,,,0,90,,628,1,,,0,50,,629,1,,,0,90,,630,1,,,0,165,,631,1,,,0,50,,632,1,,,0,90,,633,1,,,0,90,,616,1,,,0,90,,617,1,,,0,90,,618,1,,,0,90,,619,1,,,0,50,,620,1,,,0,85,,621,1,,,0,170,,622,1,,,0,125,,623,1,,,0,165,,624,1,,,0,125,,625,1,0,5 6,0
2132000,'cal10-fri-1',626,,646,1,,,0,85,,648,1,,,0,90,,649,1,,,0,50,,650,1,,,0,90,,651,1,,,0,165,,652,1,,,0,50,,653,1,,,0,90,,654,1,,,0,90,,636,1,,,0,90,,637,1,,,0,90,,638,1,,,0,90,,639,1,,,0,50,,640,1,,,0,85,,641,1,,,0,170,,642,1,,,0,125,,643,1,,,0,165,,644,1,,,0,125,,645,1,,,0,120,,647,1,0,5 6,0
2132000,'cal11-sat-1',631,,667,1,,,0,85,,671,1,,,0,85,,672,1,,,0,45,,673,1,,,0,85,,674,1,0,5 6,0,170,,675,1,0,5 6,0,45,,676,1,,,0,85,,677,1,,,0,85,,657,1,,,0,85,,658,1,,,0,45,,659,1,,,0,85,,660,1,,,0,85,,661,1,,,0,85,,662,1,,,0,40,,663,1,0,5 6,0,90,,664,1,0,5 6,0,115,,665,1,,,0,170,,666,1,,,0,130,,668,1,,,0,160,,669,1,,,0,120,,670,1,0,5 6,0
2132000,'cal12-fri',626,,690,1,,,0,85,,696,1,,,0,90,,697,1,,,0,50,,698,1,,,0,90,,699,1,,,0,165,,700,1,,,0,50,,701,1,,,0,90,,702,1,,,0,90,,680,1,,,0,90,,681,1,,,0,90,,682,1,,,0,90,,683,1,,,0,50,,684,1,,,0,85,,685,1,,,0,170,,686,1,,,0,35,,687,1,,,0,90,,688,1,,,0,80,,689,1,,,0,85,,691,1,,,0,45,,692,1,,,0,80,,693,1,,,0,80,,694,1,,,0,40,,695,1,0,5 6,0
2132000,'cal13-sat',631,,715,1,,,0,85,,723,1,,,0,85,,724,1,,,0,45,,725,1,,,0,85,,726,1,0,5 6,0,170,,727,1,0,5 6,0,45,,728,1,,,0,85,,729,1,,,0,85,,705,1,,,0,85,,706,1,,,0,45,,707,1,,,0,85,,708,1,,,0,85,,709,1,,,0,85,,710,1,,,0,40,,711,1,0,5 6,0,90,,712,1,0,5 6,0,115,,713,1,,,0,85,,714,1,,,0,85,,716,1,,,0,85,,717,1,,,0,45,,718,1,,,0,75,,719,1,,,0,85,,720,1,,,0,40,,721,1,0,5 6,0,80,,722,1,0,5 6,0
2132000,'cal2-fri',626,,742,1,,,0,85,,746,1,,,0,90,,747,1,,,0,50,,748,1,,,0,90,,749,1,,,0,165,,750,1,,,0,50,,751,1,,,0,90,,752,1,,,0,90,,732,1,,,0,90,,733,1,,,0,90,,734,1,,,0,90,,735,1,,,0,50,,736,1,,,0,85,,737,1,,,0,170,,738,1,,,0,35,,739,1,,,0,90,,740,1,,,0,80,,741,1,,,0,85,,743,1,,,0,125,,744,1,,,0,120,,745,1,0,5 6,0
2132000,'cal3-sat',631,,765,1,,,0,85,,771,1,,,0,85,,772,1,,,0,45,,773,1,,,0,85,,774,1,0,5 6,0,170,,775,1,0,5 6,0,45,,776,1,,,0,85,,777,1,,,0,85,,755,1,,,0,85,,756,1,,,0,45,,757,1,,,0,85,,758,1,,,0,85,,759,1,,,0,85,,760,1,,,0,40,,761,1,0,5 6,0,90,,762,1,,,0,115,,763,1,,,0,85,,764,1,,,0,85,,766,1,,,0,85,,767,1,0,5 6,0,45,,768,1,,,0,160,,769,1,,,0,120,,770,1,0,5 6,0
2132000,'cal4-sun-3',631,,790,1,,,0,85,,793,1,,,0,85,,794,1,,,0,45,,795,1,,,0,85,,796,1,0,5 6,0,170,,797,1,0,5 6,0,45,,798,1,,,0,85,,799,1,,,0,85,,780,1,,,0,85,,781,1,,,0,45,,782,1,,,0,85,,783,1,,,0,85,,784,1,,,0,85,,785,1,,,0,40,,786,1,0,5 6,0,90,,787,1,0,5 6,0,115,,788,1,,,0,170,,789,1,,,0,130,,791,1,,,0,160,,792,1,0,5 6,0
2132000,'cal5-sat',631,,812,1,,,0,85,,823,1,,,0,85,,824,1,,,0,45,,825,1,,,0,85,,826,1,0,5 6,0,170,,828,1,0,5 6,0,20,,829,1,,,0,25,,802,1,,,0,85,,803,1,,,0,15,,804,1,,,0,70,,805,1,,,0,85,,806,1,,,0,45,,807,1,,,0,55,,808,1,,,0,30,,809,1,,,0,85,,810,1,,,0,15,,811,1,,,0,70,,813,1,,,0,40,,814,1,0,5 6,0,90,,815,1,,,0,115,,816,1,,,0,85,,817,1,,,0,85,,818,1,,,0,85,,819,1,0,5 6,0,45,,820,1,,,0,160,,821,1,,,0,120,,822,1,0,5 6,0
2132000,'cal6-sun',631,,842,1,,,0,85,,850,1,,,0,85,,851,1,,,0,45,,852,1,,,0,85,,853,1,0,5 6,0,170,,855,1,0,5 6,0,20,,856,1,,,0,25,,832,1,,,0,85,,833,1,,,0,15,,834,1,,,0,70,,835,1,,,0,85,,836,1,,,0,45,,837,1,,,0,55,,838,1,,,0,30,,839,1,,,0,85,,840,1,,,0,15,,841,1,,,0,70,,843,1,,,0,40,,844,1,0,5 6,0,90,,845,1,,,0,115,,846,1,,,0,170,,847,1,,,0,130,,848,1,,,0,160,,849,1,0,5 6,0
2132000,'cal7-sat',631,,869,1,,,0,85,,880,1,,,0,85,,883,1,,,0,45,,884,1,,,0,85,,885,1,0,5 6,0,170,,887,1,0,5 6,0,20,,888,1,,,0,25,,859,1,,,0,85,,860,1,,,0,15,,861,1,,,0,70,,862,1,,,0,85,,863,1,,,0,45,,864,1,,,0,55,,865,1,,,0,30,,866,1,,,0,85,,867,1,,,0,15,,868,1,,,0,70,,870,1,,,0,40,,871,1,0,5 6,0,60,,872,1,,,0,30,,873,1,,,0,91,,874,1,,,0,24,,875,1,,,0,85,,876,1,,,0,85,,877,1,,,0,85,,878,1,0,5 6,0,45,,879,1,,,0,160,,881,1,,,0,120,,882,1,0,5 6,0
2132000,'cal8-sun',631,,901,1,,,0,85,,912,1,,,0,85,,914,1,,,0,45,,915,1,,,0,85,,916,1,0,5 6,0,170,,918,1,0,5 6,0,20,,919,1,,,0,25,,891,1,,,0,85,,892,1,,,0,15,,893,1,,,0,70,,894,1,,,0,85,,895,1,,,0,45,,896,1,,,0,55,,897,1,,,0,30,,898,1,,,0,85,,899,1,,,0,15,,900,1,,,0,70,,902,1,,,0,40,,903,1,0,5 6,0,60,,904,1,,,0,30,,905,1,,,0,91,,906,1,,,0,24,,907,1,,,0,85,,908,1,,,0,85,,909,1,,,0,85,,910,1,0,5 6,0,45,,911,1,,,0,160,,913,1,0,5 6,0
2132000,'cal9-mon',626,,932,1,,,0,85,,939,1,,,0,90,,940,1,,,0,50,,941,1,,,0,90,,942,1,,,0,165,,943,1,,,0,50,,945,1,,,0,90,,922,1,,,0,55,,923,1,,,0,35,,924,1,,,0,90,,925,1,,,0,75,,926,1,,,0,15,,927,1,,,0,90,,928,1,,,0,30,,929,1,,,0,20,,930,1,,,0,85,,931,1,,,0,170,,933,1,,,0,125,,934,1,,,0,165,,935,1,,,0,125,,937,1,0,5 6,0,120,,938,1,0,5 6,0
