2132000,'cal1-mon-tue-wed-thu-1',648,,626,28,,,0,85,,627,28,,,0,90,,628,28,,,0,90,,629,28,,,0,90,,630,28,,,0,125,,631,28,,,0,90,,632,28,,,0,90,,633,28,,,0,50,,616,28,,,0,91,,617,28,,,0,91,,618,28,,,0,90,,619,28,,,0,90,,620,28,,,0,85,,621,28,,,0,128,,622,28,,,0,125,,623,28,,,0,165,,624,28,,,0,125,,625,28,0,5 6,0
2132000,'cal10-fri-1',648,,646,28,,,0,85,,648,28,,,0,90,,649,28,,,0,90,,650,28,,,0,90,,651,28,,,0,125,,652,28,,,0,90,,653,28,,,0,90,,654,28,,,0,50,,636,28,,,0,91,,637,28,,,0,91,,638,28,,,0,90,,639,28,,,0,90,,640,28,,,0,85,,641,28,,,0,128,,642,28,,,0,125,,643,28,,,0,165,,644,28,,,0,125,,645,28,,,0,160,,647,28,0,5 6,0
2132000,'cal11-sat-1',653,,667,28,,,0,85,,671,28,,,0,85,,672,28,,,0,85,,673,28,,,0,45,,674,28,0,5 6,0,170,,675,28,0,5 6,0,85,,676,28,,,0,45,,677,28,,,0,85,,657,28,,,0,86,,658,28,,,0,85,,659,28,,,0,46,,660,28,,,0,85,,661,28,,,0,85,,662,28,,,0,80,,663,28,0,5 6,0,48,,664,28,0,5 6,0,155,,665,28,,,0,130,,666,28,,,0,170,,668,28,,,0,120,,669,28,,,0,120,,670,28,0,5 6,0
2132000,'cal12-fri',648,,690,28,,,0,85,,696,28,,,0,90,,697,28,,,0,90,,698,28,,,0,90,,699,28,,,0,125,,700,28,,,0,90,,701,28,,,0,90,,702,28,,,0,50,,680,28,,,0,91,,681,28,,,0,91,,682,28,,,0,90,,683,28,,,0,90,,684,28,,,0,85,,685,28,,,0,128,,686,28,,,0,75,,687,28,,,0,50,,688,28,,,0,80,,689,28,,,0,85,,691,28,,,0,85,,692,28,,,0,40,,693,28,,,0,80,,694,28,,,0,80,,695,28,0,5 6,0
2132000,'cal13-sat',653,,715,28,,,0,85,,723,28,,,0,85,,724,28,,,0,85,,725,28,,,0,45,,726,28,0,5 6,0,170,,727,28,0,5 6,0,85,,728,28,,,0,45,,729,28,,,0,85,,705,28,,,0,86,,706,28,,,0,85,,707,28,,,0,46,,708,28,,,0,85,,709,28,,,0,85,,710,28,,,0,80,,711,28,0,5 6,0,48,,712,28,0,5 6,0,155,,713,28,,,0,45,,714,28,,,0,85,,716,28,,,0,85,,717,28,,,0,85,,718,28,,,0,35,,719,28,,,0,85,,720,28,,,0,80,,721,28,0,5 6,0,40,,722,28,0,5 6,0
2132000,'cal2-fri',648,,742,28,,,0,85,,746,28,,,0,90,,747,28,,,0,90,,748,28,,,0,90,,749,28,,,0,125,,750,28,,,0,90,,751,28,,,0,90,,752,28,,,0,50,,732,28,,,0,91,,733,28,,,0,91,,734,28,,,0,90,,735,28,,,0,90,,736,28,,,0,85,,737,28,,,0,128,,738,28,,,0,75,,739,28,,,0,50,,740,28,,,0,80,,741,28,,,0,85,,743,28,,,0,125,,744,28,,,0,160,,745,28,0,5 6,0
2132000,'cal3-sat',653,,765,28,,,0,85,,771,28,,,0,85,,772,28,,,0,85,,773,28,,,0,45,,774,28,0,5 6,0,170,,775,28,0,5 6,0,85,,776,28,,,0,45,,777,28,,,0,85,,755,28,,,0,86,,756,28,,,0,85,,757,28,,,0,46,,758,28,,,0,85,,759,28,,,0,85,,760,28,,,0,80,,761,28,0,5 6,0,48,,762,28,,,0,155,,763,28,,,0,45,,764,28,,,0,85,,766,28,,,0,85,,767,28,0,5 6,0,85,,768,28,,,0,120,,769,28,,,0,120,,770,28,0,5 6,0
2132000,'cal4-sun-3',653,,790,28,,,0,85,,793,28,,,0,85,,794,28,,,0,85,,795,28,,,0,45,,796,28,0,5 6,0,170,,797,28,0,5 6,0,85,,798,28,,,0,45,,799,28,,,0,85,,780,28,,,0,86,,781,28,,,0,85,,782,28,,,0,46,,783,28,,,0,85,,784,28,,,0,85,,785,28,,,0,80,,786,28,0,5 6,0,48,,787,28,0,5 6,0,155,,788,28,,,0,130,,789,28,,,0,170,,791,28,,,0,120,,792,28,0,5 6,0
2132000,'cal5-sat',653,,812,28,,,0,85,,823,28,,,0,85,,824,28,,,0,85,,825,28,,,0,45,,826,28,0,5 6,0,170,,828,28,0,5 6,0,20,,829,28,,,0,65,,802,28,,,0,45,,803,28,,,0,55,,804,28,,,0,30,,805,28,,,0,86,,806,28,,,0,85,,807,28,,,0,16,,808,28,,,0,30,,809,28,,,0,85,,810,28,,,0,15,,811,28,,,0,70,,813,28,,,0,80,,814,28,0,5 6,0,48,,815,28,,,0,155,,816,28,,,0,45,,817,28,,,0,85,,818,28,,,0,85,,819,28,0,5 6,0,85,,820,28,,,0,120,,821,28,,,0,120,,822,28,0,5 6,0
2132000,'cal6-sun',653,,842,28,,,0,85,,850,28,,,0,85,,851,28,,,0,85,,852,28,,,0,45,,853,28,0,5 6,0,170,,855,28,0,5 6,0,20,,856,28,,,0,65,,832,28,,,0,45,,833,28,,,0,55,,834,28,,,0,30,,835,28,,,0,86,,836,28,,,0,85,,837,28,,,0,16,,838,28,,,0,30,,839,28,,,0,85,,840,28,,,0,15,,841,28,,,0,70,,843,28,,,0,80,,844,28,0,5 6,0,48,,845,28,,,0,155,,846,28,,,0,130,,847,28,,,0,170,,848,28,,,0,120,,849,28,0,5 6,0
2132000,'cal7-sat',653,,869,28,,,0,85,,880,28,,,0,85,,883,28,,,0,85,,884,28,,,0,45,,885,28,0,5 6,0,170,,887,28,0,5 6,0,20,,888,28,,,0,65,,859,28,,,0,45,,860,28,,,0,55,,861,28,,,0,30,,862,28,,,0,86,,863,28,,,0,85,,864,28,,,0,16,,865,28,,,0,30,,866,28,,,0,85,,867,28,,,0,15,,868,28,,,0,70,,870,28,,,0,80,,871,28,0,5 6,0,19,,872,28,,,0,29,,873,28,,,0,91,,874,28,,,0,64,,875,28,,,0,45,,876,28,,,0,85,,877,28,,,0,85,,878,28,0,5 6,0,85,,879,28,,,0,120,,881,28,,,0,120,,882,28,0,5 6,0
2132000,'cal8-sun',653,,901,28,,,0,85,,912,28,,,0,85,,914,28,,,0,85,,915,28,,,0,45,,916,28,0,5 6,0,170,,918,28,0,5 6,0,20,,919,28,,,0,65,,891,28,,,0,45,,892,28,,,0,55,,893,28,,,0,30,,894,28,,,0,86,,895,28,,,0,85,,896,28,,,0,16,,897,28,,,0,30,,898,28,,,0,85,,899,28,,,0,15,,900,28,,,0,70,,902,28,,,0,80,,903,28,0,5 6,0,19,,904,28,,,0,29,,905,28,,,0,91,,906,28,,,0,64,,907,28,,,0,45,,908,28,,,0,85,,909,28,,,0,85,,910,28,0,5 6,0,85,,911,28,,,0,120,,913,28,0,5 6,0
2132000,'cal9-mon',648,,932,28,,,0,85,,939,28,,,0,90,,940,28,,,0,90,,941,28,,,0,90,,942,28,,,0,125,,943,28,,,0,90,,945,28,,,0,90,,922,28,,,0,15,,923,28,,,0,35,,924,28,,,0,91,,925,28,,,0,76,,926,28,,,0,15,,927,28,,,0,90,,928,28,,,0,70,,929,28,,,0,20,,930,28,,,0,85,,931,28,,,0,128,,933,28,,,0,125,,934,28,,,0,165,,935,28,,,0,125,,937,28,0,5 6,0,160,,938,28,0,5 6,0
