2132000,'cal1-mon-tue-wed-thu-1',626,,626,2,,,0,85,,627,2,,,0,90,,628,2,,,0,50,,629,2,,,0,90,,630,2,,,0,165,,631,2,,,0,50,,632,2,,,0,90,,633,2,,,0,90,,616,2,,,0,90,,617,2,,,0,90,,618,2,,,0,90,,619,2,,,0,50,,620,2,,,0,85,,621,2,,,0,170,,622,2,,,0,125,,623,2,,,0,165,,624,2,,,0,125,,625,2,0,5 6,0
2132000,'cal10-fri-1',626,,646,2,,,0,85,,648,2,,,0,90,,649,2,,,0,50,,650,2,,,0,90,,651,2,,,0,165,,652,2,,,0,50,,653,2,,,0,90,,654,2,,,0,90,,636,2,,,0,90,,637,2,,,0,90,,638,2,,,0,90,,639,2,,,0,50,,640,2,,,0,85,,641,2,,,0,170,,642,2,,,0,125,,643,2,,,0,165,,644,2,,,0,125,,645,2,,,0,120,,647,2,0,5 6,0
2132000,'cal11-sat-1',631,,667,2,,,0,85,,671,2,,,0,85,,672,2,,,0,45,,673,2,,,0,85,,674,2,0,5 6,0,170,,675,2,0,5 6,0,45,,676,2,,,0,85,,677,2,,,0,85,,657,2,,,0,85,,658,2,,,0,45,,659,2,,,0,85,,660,2,,,0,85,,661,2,,,0,85,,662,2,,,0,40,,663,2,0,5 6,0,90,,664,2,0,5 6,0,115,,665,2,,,0,170,,666,2,,,0,130,,668,2,,,0,160,,669,2,,,0,120,,670,2,0,5 6,0
2132000,'cal12-fri',626,,690,2,,,0,85,,696,2,,,0,90,,697,2,,,0,50,,698,2,,,0,90,,699,2,,,0,165,,700,2,,,0,50,,701,2,,,0,90,,702,2,,,0,90,,680,2,,,0,90,,681,2,,,0,90,,682,2,,,0,90,,683,2,,,0,50,,684,2,,,0,85,,685,2,,,0,170,,686,2,,,0,35,,687,2,,,0,90,,688,2,,,0,80,,689,2,,,0,85,,691,2,,,0,45,,692,2,,,0,80,,693,2,,,0,80,,694,2,,,0,40,,695,2,0,5 6,0
2132000,'cal13-sat',631,,715,2,,,0,85,,723,2,,,0,85,,724,2,,,0,45,,725,2,,,0,85,,726,2,0,5 6,0,170,,727,2,0,5 6,0,45,,728,2,,,0,85,,729,2,,,0,85,,705,2,,,0,85,,706,2,,,0,45,,707,2,,,0,85,,708,2,,,0,85,,709,2,,,0,85,,710,2,,,0,40,,711,2,0,5 6,0,90,,712,2,0,5 6,0,115,,713,2,,,0,85,,714,2,,,0,85,,716,2,,,0,85,,717,2,,,0,45,,718,2,,,0,75,,719,2,,,0,85,,720,2,,,0,40,,721,2,0,5 6,0,80,,722,2,0,5 6,0
2132000,'cal2-fri',626,,742,2,,,0,85,,746,2,,,0,90,,747,2,,,0,50,,748,2,,,0,90,,749,2,,,0,165,,750,2,,,0,50,,751,2,,,0,90,,752,2,,,0,90,,732,2,,,0,90,,733,2,,,0,90,,734,2,,,0,90,,735,2,,,0,50,,736,2,,,0,85,,737,2,,,0,170,,738,2,,,0,35,,739,2,,,0,90,,740,2,,,0,80,,741,2,,,0,85,,743,2,,,0,125,,744,2,,,0,120,,745,2,0,5 6,0
2132000,'cal3-sat',631,,765,2,,,0,85,,771,2,,,0,85,,772,2,,,0,45,,773,2,,,0,85,,774,2,0,5 6,0,170,,775,2,0,5 6,0,45,,776,2,,,0,85,,777,2,,,0,85,,755,2,,,0,85,,756,2,,,0,45,,757,2,,,0,85,,758,2,,,0,85,,759,2,,,0,85,,760,2,,,0,40,,761,2,0,5 6,0,90,,762,2,,,0,115,,763,2,,,0,85,,764,2,,,0,85,,766,2,,,0,85,,767,2,0,5 6,0,45,,768,2,,,0,160,,769,2,,,0,120,,770,2,0,5 6,0
2132000,'cal4-sun-3',631,,790,2,,,0,85,,793,2,,,0,85,,794,2,,,0,45,,795,2,,,0,85,,796,2,0,5 6,0,170,,797,2,0,5 6,0,45,,798,2,,,0,85,,799,2,,,0,85,,780,2,,,0,85,,781,2,,,0,45,,782,2,,,0,85,,783,2,,,0,85,,784,2,,,0,85,,785,2,,,0,40,,786,2,0,5 6,0,90,,787,2,0,5 6,0,115,,788,2,,,0,170,,789,2,,,0,130,,791,2,,,0,160,,792,2,0,5 6,0
2132000,'cal5-sat',631,,812,2,,,0,85,,823,2,,,0,85,,824,2,,,0,45,,825,2,,,0,85,,826,2,0,5 6,0,170,,828,2,0,5 6,0,20,,829,2,,,0,25,,802,2,,,0,85,,803,2,,,0,15,,804,2,,,0,70,,805,2,,,0,85,,806,2,,,0,45,,807,2,,,0,55,,808,2,,,0,30,,809,2,,,0,85,,810,2,,,0,15,,811,2,,,0,70,,813,2,,,0,40,,814,2,0,5 6,0,90,,815,2,,,0,115,,816,2,,,0,85,,817,2,,,0,85,,818,2,,,0,85,,819,2,0,5 6,0,45,,820,2,,,0,160,,821,2,,,0,120,,822,2,0,5 6,0
2132000,'cal6-sun',631,,842,2,,,0,85,,850,2,,,0,85,,851,2,,,0,45,,852,2,,,0,85,,853,2,0,5 6,0,170,,855,2,0,5 6,0,20,,856,2,,,0,25,,832,2,,,0,85,,833,2,,,0,15,,834,2,,,0,70,,835,2,,,0,85,,836,2,,,0,45,,837,2,,,0,55,,838,2,,,0,30,,839,2,,,0,85,,840,2,,,0,15,,841,2,,,0,70,,843,2,,,0,40,,844,2,0,5 6,0,90,,845,2,,,0,115,,846,2,,,0,170,,847,2,,,0,130,,848,2,,,0,160,,849,2,0,5 6,0
2132000,'cal7-sat',631,,869,2,,,0,85,,880,2,,,0,85,,883,2,,,0,45,,884,2,,,0,85,,885,2,0,5 6,0,170,,887,2,0,5 6,0,20,,888,2,,,0,25,,859,2,,,0,85,,860,2,,,0,15,,861,2,,,0,70,,862,2,,,0,85,,863,2,,,0,45,,864,2,,,0,55,,865,2,,,0,30,,866,2,,,0,85,,867,2,,,0,15,,868,2,,,0,70,,870,2,,,0,40,,871,2,0,5 6,0,60,,872,2,,,0,30,,873,2,,,0,91,,874,2,,,0,24,,875,2,,,0,85,,876,2,,,0,85,,877,2,,,0,85,,878,2,0,5 6,0,45,,879,2,,,0,160,,881,2,,,0,120,,882,2,0,5 6,0
2132000,'cal8-sun',631,,901,2,,,0,85,,912,2,,,0,85,,914,2,,,0,45,,915,2,,,0,85,,916,2,0,5 6,0,170,,918,2,0,5 6,0,20,,919,2,,,0,25,,891,2,,,0,85,,892,2,,,0,15,,893,2,,,0,70,,894,2,,,0,85,,895,2,,,0,45,,896,2,,,0,55,,897,2,,,0,30,,898,2,,,0,85,,899,2,,,0,15,,900,2,,,0,70,,902,2,,,0,40,,903,2,0,5 6,0,60,,904,2,,,0,30,,905,2,,,0,91,,906,2,,,0,24,,907,2,,,0,85,,908,2,,,0,85,,909,2,,,0,85,,910,2,0,5 6,0,45,,911,2,,,0,160,,913,2,0,5 6,0
2132000,'cal9-mon',626,,932,2,,,0,85,,939,2,,,0,90,,940,2,,,0,50,,941,2,,,0,90,,942,2,,,0,165,,943,2,,,0,50,,945,2,,,0,90,,922,2,,,0,55,,923,2,,,0,35,,924,2,,,0,90,,925,2,,,0,75,,926,2,,,0,15,,927,2,,,0,90,,928,2,,,0,30,,929,2,,,0,20,,930,2,,,0,85,,931,2,,,0,170,,933,2,,,0,125,,934,2,,,0,165,,935,2,,,0,125,,937,2,0,5 6,0,120,,938,2,0,5 6,0
