2132000,'cal1-mon-tue-wed-thu-1',627,,626,3,,,0,85,,627,3,,,0,90,,628,3,,,0,50,,629,3,,,0,90,,630,3,,,0,165,,631,3,,,0,50,,632,3,,,0,90,,633,3,,,0,90,,616,3,,,0,90,,617,3,,,0,90,,618,3,,,0,90,,619,3,,,0,50,,620,3,,,0,85,,621,3,,,0,170,,622,3,,,0,125,,623,3,,,0,165,,624,3,,,0,125,,625,3,0,5 6,0
2132000,'cal10-fri-1',627,,646,3,,,0,85,,648,3,,,0,90,,649,3,,,0,50,,650,3,,,0,90,,651,3,,,0,165,,652,3,,,0,50,,653,3,,,0,90,,654,3,,,0,90,,636,3,,,0,90,,637,3,,,0,90,,638,3,,,0,90,,639,3,,,0,50,,640,3,,,0,85,,641,3,,,0,170,,642,3,,,0,125,,643,3,,,0,165,,644,3,,,0,125,,645,3,,,0,120,,647,3,0,5 6,0
2132000,'cal11-sat-1',632,,667,3,,,0,85,,671,3,,,0,85,,672,3,,,0,45,,673,3,,,0,85,,674,3,0,5 6,0,170,,675,3,0,5 6,0,45,,676,3,,,0,85,,677,3,,,0,85,,657,3,,,0,85,,658,3,,,0,45,,659,3,,,0,85,,660,3,,,0,85,,661,3,,,0,85,,662,3,,,0,40,,663,3,0,5 6,0,90,,664,3,0,5 6,0,115,,665,3,,,0,170,,666,3,,,0,130,,668,3,,,0,160,,669,3,,,0,120,,670,3,0,5 6,0
2132000,'cal12-fri',627,,690,3,,,0,85,,696,3,,,0,90,,697,3,,,0,50,,698,3,,,0,90,,699,3,,,0,165,,700,3,,,0,50,,701,3,,,0,90,,702,3,,,0,90,,680,3,,,0,90,,681,3,,,0,90,,682,3,,,0,90,,683,3,,,0,50,,684,3,,,0,85,,685,3,,,0,170,,686,3,,,0,35,,687,3,,,0,90,,688,3,,,0,80,,689,3,,,0,85,,691,3,,,0,45,,692,3,,,0,80,,693,3,,,0,80,,694,3,,,0,40,,695,3,0,5 6,0
2132000,'cal13-sat',632,,715,3,,,0,85,,723,3,,,0,85,,724,3,,,0,45,,725,3,,,0,85,,726,3,0,5 6,0,170,,727,3,0,5 6,0,45,,728,3,,,0,85,,729,3,,,0,85,,705,3,,,0,85,,706,3,,,0,45,,707,3,,,0,85,,708,3,,,0,85,,709,3,,,0,85,,710,3,,,0,40,,711,3,0,5 6,0,90,,712,3,0,5 6,0,115,,713,3,,,0,85,,714,3,,,0,85,,716,3,,,0,85,,717,3,,,0,45,,718,3,,,0,75,,719,3,,,0,85,,720,3,,,0,40,,721,3,0,5 6,0,80,,722,3,0,5 6,0
2132000,'cal2-fri',627,,742,3,,,0,85,,746,3,,,0,90,,747,3,,,0,50,,748,3,,,0,90,,749,3,,,0,165,,750,3,,,0,50,,751,3,,,0,90,,752,3,,,0,90,,732,3,,,0,90,,733,3,,,0,90,,734,3,,,0,90,,735,3,,,0,50,,736,3,,,0,85,,737,3,,,0,170,,738,3,,,0,35,,739,3,,,0,90,,740,3,,,0,80,,741,3,,,0,85,,743,3,,,0,125,,744,3,,,0,120,,745,3,0,5 6,0
2132000,'cal3-sat',632,,765,3,,,0,85,,771,3,,,0,85,,772,3,,,0,45,,773,3,,,0,85,,774,3,0,5 6,0,170,,775,3,0,5 6,0,45,,776,3,,,0,85,,777,3,,,0,85,,755,3,,,0,85,,756,3,,,0,45,,757,3,,,0,85,,758,3,,,0,85,,759,3,,,0,85,,760,3,,,0,40,,761,3,0,5 6,0,90,,762,3,,,0,115,,763,3,,,0,85,,764,3,,,0,85,,766,3,,,0,85,,767,3,0,5 6,0,45,,768,3,,,0,160,,769,3,,,0,120,,770,3,0,5 6,0
2132000,'cal4-sun-3',632,,790,3,,,0,85,,793,3,,,0,85,,794,3,,,0,45,,795,3,,,0,85,,796,3,0,5 6,0,170,,797,3,0,5 6,0,45,,798,3,,,0,85,,799,3,,,0,85,,780,3,,,0,85,,781,3,,,0,45,,782,3,,,0,85,,783,3,,,0,85,,784,3,,,0,85,,785,3,,,0,40,,786,3,0,5 6,0,90,,787,3,0,5 6,0,115,,788,3,,,0,170,,789,3,,,0,130,,791,3,,,0,160,,792,3,0,5 6,0
2132000,'cal5-sat',632,,812,3,,,0,85,,823,3,,,0,85,,824,3,,,0,45,,825,3,,,0,85,,826,3,0,5 6,0,170,,828,3,0,5 6,0,20,,829,3,,,0,25,,802,3,,,0,85,,803,3,,,0,15,,804,3,,,0,70,,805,3,,,0,85,,806,3,,,0,45,,807,3,,,0,55,,808,3,,,0,30,,809,3,,,0,85,,810,3,,,0,15,,811,3,,,0,70,,813,3,,,0,40,,814,3,0,5 6,0,90,,815,3,,,0,115,,816,3,,,0,85,,817,3,,,0,85,,818,3,,,0,85,,819,3,0,5 6,0,45,,820,3,,,0,160,,821,3,,,0,120,,822,3,0,5 6,0
2132000,'cal6-sun',632,,842,3,,,0,85,,850,3,,,0,85,,851,3,,,0,45,,852,3,,,0,85,,853,3,0,5 6,0,170,,855,3,0,5 6,0,20,,856,3,,,0,25,,832,3,,,0,85,,833,3,,,0,15,,834,3,,,0,70,,835,3,,,0,85,,836,3,,,0,45,,837,3,,,0,55,,838,3,,,0,30,,839,3,,,0,85,,840,3,,,0,15,,841,3,,,0,70,,843,3,,,0,40,,844,3,0,5 6,0,90,,845,3,,,0,115,,846,3,,,0,170,,847,3,,,0,130,,848,3,,,0,160,,849,3,0,5 6,0
2132000,'cal7-sat',632,,869,3,,,0,85,,880,3,,,0,85,,883,3,,,0,45,,884,3,,,0,85,,885,3,0,5 6,0,170,,887,3,0,5 6,0,20,,888,3,,,0,25,,859,3,,,0,85,,860,3,,,0,15,,861,3,,,0,70,,862,3,,,0,85,,863,3,,,0,45,,864,3,,,0,55,,865,3,,,0,30,,866,3,,,0,85,,867,3,,,0,15,,868,3,,,0,70,,870,3,,,0,40,,871,3,0,5 6,0,60,,872,3,,,0,30,,873,3,,,0,91,,874,3,,,0,24,,875,3,,,0,85,,876,3,,,0,85,,877,3,,,0,85,,878,3,0,5 6,0,45,,879,3,,,0,160,,881,3,,,0,120,,882,3,0,5 6,0
2132000,'cal8-sun',632,,901,3,,,0,85,,912,3,,,0,85,,914,3,,,0,45,,915,3,,,0,85,,916,3,0,5 6,0,170,,918,3,0,5 6,0,20,,919,3,,,0,25,,891,3,,,0,85,,892,3,,,0,15,,893,3,,,0,70,,894,3,,,0,85,,895,3,,,0,45,,896,3,,,0,55,,897,3,,,0,30,,898,3,,,0,85,,899,3,,,0,15,,900,3,,,0,70,,902,3,,,0,40,,903,3,0,5 6,0,60,,904,3,,,0,30,,905,3,,,0,91,,906,3,,,0,24,,907,3,,,0,85,,908,3,,,0,85,,909,3,,,0,85,,910,3,0,5 6,0,45,,911,3,,,0,160,,913,3,0,5 6,0
2132000,'cal9-mon',627,,932,3,,,0,85,,939,3,,,0,90,,940,3,,,0,50,,941,3,,,0,90,,942,3,,,0,165,,943,3,,,0,50,,945,3,,,0,90,,922,3,,,0,55,,923,3,,,0,35,,924,3,,,0,90,,925,3,,,0,75,,926,3,,,0,15,,927,3,,,0,90,,928,3,,,0,30,,929,3,,,0,20,,930,3,,,0,85,,931,3,,,0,170,,933,3,,,0,125,,934,3,,,0,165,,935,3,,,0,125,,937,3,0,5 6,0,120,,938,3,0,5 6,0
