2132000,'cal1-mon-tue-wed-thu-1',526,,614,33,,,0,83,,615,33,,,0,42,,626,33,,,0,85,,627,33,,,0,90,,628,33,,,0,90,,629,33,,,0,91,,630,33,,,0,125,,631,33,,,0,90,,632,33,,,0,90,,633,33,,,0,90,,616,33,,,0,51,,617,33,,,0,91,,618,33,,,0,90,,619,33,,,0,90,,620,33,,,0,85,,621,33,,,0,127,,622,33,,,0,165,,623,33,,,0,125,,624,33,,,0,125,,625,33,0,5 6,0
2132000,'cal10-fri-1',526,,634,33,,,0,83,,635,33,,,0,42,,646,33,,,0,85,,648,33,,,0,90,,649,33,,,0,90,,650,33,,,0,91,,651,33,,,0,125,,652,33,,,0,90,,653,33,,,0,90,,654,33,,,0,90,,636,33,,,0,51,,637,33,,,0,91,,638,33,,,0,90,,639,33,,,0,90,,640,33,,,0,85,,641,33,,,0,127,,642,33,,,0,165,,643,33,,,0,125,,644,33,,,0,125,,645,33,,,0,160,,647,33,0,5 6,0
2132000,'cal11-sat-1',531,,655,33,,,0,83,,656,33,,,0,42,,667,33,,,0,85,,671,33,,,0,85,,672,33,,,0,85,,673,33,,,0,46,,674,33,0,5 6,0,170,,675,33,0,5 6,0,85,,676,33,,,0,45,,677,33,,,0,85,,657,33,,,0,86,,658,33,,,0,85,,659,33,,,0,46,,660,33,,,0,85,,661,33,,,0,85,,662,33,,,0,80,,663,33,0,5 6,0,47,,664,33,0,5 6,0,155,,665,33,,,0,130,,666,33,,,0,170,,668,33,,,0,120,,669,33,,,0,120,,670,33,0,5 6,0
2132000,'cal12-fri',526,,678,33,,,0,83,,679,33,,,0,42,,690,33,,,0,85,,696,33,,,0,90,,697,33,,,0,90,,698,33,,,0,91,,699,33,,,0,125,,700,33,,,0,90,,701,33,,,0,90,,702,33,,,0,90,,680,33,,,0,51,,681,33,,,0,91,,682,33,,,0,90,,683,33,,,0,90,,684,33,,,0,85,,685,33,,,0,127,,686,33,,,0,75,,687,33,,,0,90,,688,33,,,0,40,,689,33,,,0,85,,691,33,,,0,85,,692,33,,,0,40,,693,33,,,0,80,,694,33,,,0,80,,695,33,0,5 6,0
2132000,'cal13-sat',531,,703,33,,,0,83,,704,33,,,0,42,,715,33,,,0,85,,723,33,,,0,85,,724,33,,,0,85,,725,33,,,0,46,,726,33,0,5 6,0,170,,727,33,0,5 6,0,85,,728,33,,,0,45,,729,33,,,0,85,,705,33,,,0,86,,706,33,,,0,85,,707,33,,,0,46,,708,33,,,0,85,,709,33,,,0,85,,710,33,,,0,80,,711,33,0,5 6,0,47,,712,33,0,5 6,0,155,,713,33,,,0,45,,714,33,,,0,85,,716,33,,,0,85,,717,33,,,0,85,,718,33,,,0,35,,719,33,,,0,85,,720,33,,,0,80,,721,33,0,5 6,0,40,,722,33,0,5 6,0
2132000,'cal2-fri',526,,730,33,,,0,83,,731,33,,,0,42,,742,33,,,0,85,,746,33,,,0,90,,747,33,,,0,90,,748,33,,,0,91,,749,33,,,0,125,,750,33,,,0,90,,751,33,,,0,90,,752,33,,,0,90,,732,33,,,0,51,,733,33,,,0,91,,734,33,,,0,90,,735,33,,,0,90,,736,33,,,0,85,,737,33,,,0,127,,738,33,,,0,75,,739,33,,,0,90,,740,33,,,0,40,,741,33,,,0,85,,743,33,,,0,125,,744,33,,,0,160,,745,33,0,5 6,0
2132000,'cal3-sat',531,,753,33,,,0,83,,754,33,,,0,42,,765,33,,,0,85,,771,33,,,0,85,,772,33,,,0,85,,773,33,,,0,46,,774,33,0,5 6,0,170,,775,33,0,5 6,0,85,,776,33,,,0,45,,777,33,,,0,85,,755,33,,,0,86,,756,33,,,0,85,,757,33,,,0,46,,758,33,,,0,85,,759,33,,,0,85,,760,33,,,0,80,,761,33,0,5 6,0,47,,762,33,,,0,155,,763,33,,,0,45,,764,33,,,0,85,,766,33,,,0,85,,767,33,0,5 6,0,85,,768,33,,,0,120,,769,33,,,0,120,,770,33,0,5 6,0
2132000,'cal4-sun-3',531,,778,33,,,0,83,,779,33,,,0,42,,790,33,,,0,85,,793,33,,,0,85,,794,33,,,0,85,,795,33,,,0,46,,796,33,0,5 6,0,170,,797,33,0,5 6,0,85,,798,33,,,0,45,,799,33,,,0,85,,780,33,,,0,86,,781,33,,,0,85,,782,33,,,0,46,,783,33,,,0,85,,784,33,,,0,85,,785,33,,,0,80,,786,33,0,5 6,0,47,,787,33,0,5 6,0,155,,788,33,,,0,130,,789,33,,,0,170,,791,33,,,0,120,,792,33,0,5 6,0
2132000,'cal5-sat',531,,800,33,,,0,83,,801,33,,,0,42,,812,33,,,0,85,,823,33,,,0,85,,824,33,,,0,85,,825,33,,,0,46,,826,33,0,5 6,0,170,,828,33,0,5 6,0,20,,829,33,,,0,65,,802,33,,,0,45,,803,33,,,0,55,,804,33,,,0,30,,805,33,,,0,86,,806,33,,,0,85,,807,33,,,0,16,,808,33,,,0,30,,809,33,,,0,85,,810,33,,,0,15,,811,33,,,0,70,,813,33,,,0,80,,814,33,0,5 6,0,47,,815,33,,,0,155,,816,33,,,0,45,,817,33,,,0,85,,818,33,,,0,85,,819,33,0,5 6,0,85,,820,33,,,0,120,,821,33,,,0,120,,822,33,0,5 6,0
2132000,'cal6-sun',531,,830,33,,,0,83,,831,33,,,0,42,,842,33,,,0,85,,850,33,,,0,85,,851,33,,,0,85,,852,33,,,0,46,,853,33,0,5 6,0,170,,855,33,0,5 6,0,20,,856,33,,,0,65,,832,33,,,0,45,,833,33,,,0,55,,834,33,,,0,30,,835,33,,,0,86,,836,33,,,0,85,,837,33,,,0,16,,838,33,,,0,30,,839,33,,,0,85,,840,33,,,0,15,,841,33,,,0,70,,843,33,,,0,80,,844,33,0,5 6,0,47,,845,33,,,0,155,,846,33,,,0,130,,847,33,,,0,170,,848,33,,,0,120,,849,33,0,5 6,0
2132000,'cal7-sat',531,,857,33,,,0,83,,858,33,,,0,42,,869,33,,,0,85,,880,33,,,0,85,,883,33,,,0,85,,884,33,,,0,46,,885,33,0,5 6,0,170,,887,33,0,5 6,0,20,,888,33,,,0,65,,859,33,,,0,45,,860,33,,,0,55,,861,33,,,0,30,,862,33,,,0,86,,863,33,,,0,85,,864,33,,,0,16,,865,33,,,0,30,,866,33,,,0,85,,867,33,,,0,15,,868,33,,,0,70,,870,33,,,0,80,,871,33,0,5 6,0,18,,872,33,,,0,29,,873,33,,,0,91,,874,33,,,0,64,,875,33,,,0,45,,876,33,,,0,85,,877,33,,,0,85,,878,33,0,5 6,0,85,,879,33,,,0,120,,881,33,,,0,120,,882,33,0,5 6,0
2132000,'cal8-sun',531,,889,33,,,0,83,,890,33,,,0,42,,901,33,,,0,85,,912,33,,,0,85,,914,33,,,0,85,,915,33,,,0,46,,916,33,0,5 6,0,170,,918,33,0,5 6,0,20,,919,33,,,0,65,,891,33,,,0,45,,892,33,,,0,55,,893,33,,,0,30,,894,33,,,0,86,,895,33,,,0,85,,896,33,,,0,16,,897,33,,,0,30,,898,33,,,0,85,,899,33,,,0,15,,900,33,,,0,70,,902,33,,,0,80,,903,33,0,5 6,0,18,,904,33,,,0,29,,905,33,,,0,91,,906,33,,,0,64,,907,33,,,0,45,,908,33,,,0,85,,909,33,,,0,85,,910,33,0,5 6,0,85,,911,33,,,0,120,,913,33,0,5 6,0
2132000,'cal9-mon',526,,920,33,,,0,83,,921,33,,,0,42,,932,33,,,0,85,,939,33,,,0,90,,940,33,,,0,90,,941,33,,,0,91,,942,33,,,0,125,,943,33,,,0,90,,945,33,,,0,90,,922,33,,,0,15,,923,33,,,0,75,,924,33,,,0,51,,925,33,,,0,76,,926,33,,,0,15,,927,33,,,0,90,,928,33,,,0,70,,929,33,,,0,20,,930,33,,,0,85,,931,33,,,0,127,,933,33,,,0,165,,934,33,,,0,125,,935,33,,,0,125,,937,33,0,5 6,0,160,,938,33,0,5 6,0
