2132000,'cal1-mon-tue-wed-thu-1',636,,626,15,,,0,85,,627,15,,,0,90,,628,15,,,0,90,,629,15,,,0,50,,630,15,,,0,165,,631,15,,,0,90,,632,15,,,0,50,,633,15,,,0,90,,616,15,,,0,90,,617,15,,,0,91,,618,15,,,0,90,,619,15,,,0,90,,620,15,,,0,45,,621,15,,,0,169,,622,15,,,0,125,,623,15,,,0,165,,624,15,,,0,125,,625,15,0,5 6,0
2132000,'cal10-fri-1',636,,646,15,,,0,85,,648,15,,,0,90,,649,15,,,0,90,,650,15,,,0,50,,651,15,,,0,165,,652,15,,,0,90,,653,15,,,0,50,,654,15,,,0,90,,636,15,,,0,90,,637,15,,,0,91,,638,15,,,0,90,,639,15,,,0,90,,640,15,,,0,45,,641,15,,,0,169,,642,15,,,0,125,,643,15,,,0,165,,644,15,,,0,125,,645,15,,,0,120,,647,15,0,5 6,0
2132000,'cal11-sat-1',641,,667,15,,,0,85,,671,15,,,0,85,,672,15,,,0,45,,673,15,,,0,85,,674,15,0,5 6,0,170,,675,15,0,5 6,0,45,,676,15,,,0,85,,677,15,,,0,85,,657,15,,,0,85,,658,15,,,0,45,,659,15,,,0,86,,660,15,,,0,85,,661,15,,,0,85,,662,15,,,0,40,,663,15,0,5 6,0,89,,664,15,0,5 6,0,115,,665,15,,,0,170,,666,15,,,0,130,,668,15,,,0,160,,669,15,,,0,120,,670,15,0,5 6,0
2132000,'cal12-fri',636,,690,15,,,0,85,,696,15,,,0,90,,697,15,,,0,90,,698,15,,,0,50,,699,15,,,0,165,,700,15,,,0,90,,701,15,,,0,50,,702,15,,,0,90,,680,15,,,0,90,,681,15,,,0,91,,682,15,,,0,90,,683,15,,,0,90,,684,15,,,0,45,,685,15,,,0,169,,686,15,,,0,35,,687,15,,,0,90,,688,15,,,0,80,,689,15,,,0,85,,691,15,,,0,45,,692,15,,,0,80,,693,15,,,0,80,,694,15,,,0,40,,695,15,0,5 6,0
2132000,'cal13-sat',641,,715,15,,,0,85,,723,15,,,0,85,,724,15,,,0,45,,725,15,,,0,85,,726,15,0,5 6,0,170,,727,15,0,5 6,0,45,,728,15,,,0,85,,729,15,,,0,85,,705,15,,,0,85,,706,15,,,0,45,,707,15,,,0,86,,708,15,,,0,85,,709,15,,,0,85,,710,15,,,0,40,,711,15,0,5 6,0,89,,712,15,0,5 6,0,115,,713,15,,,0,85,,714,15,,,0,85,,716,15,,,0,85,,717,15,,,0,45,,718,15,,,0,75,,719,15,,,0,85,,720,15,,,0,40,,721,15,0,5 6,0,80,,722,15,0,5 6,0
2132000,'cal2-fri',636,,742,15,,,0,85,,746,15,,,0,90,,747,15,,,0,90,,748,15,,,0,50,,749,15,,,0,165,,750,15,,,0,90,,751,15,,,0,50,,752,15,,,0,90,,732,15,,,0,90,,733,15,,,0,91,,734,15,,,0,90,,735,15,,,0,90,,736,15,,,0,45,,737,15,,,0,169,,738,15,,,0,35,,739,15,,,0,90,,740,15,,,0,80,,741,15,,,0,85,,743,15,,,0,125,,744,15,,,0,120,,745,15,0,5 6,0
2132000,'cal3-sat',641,,765,15,,,0,85,,771,15,,,0,85,,772,15,,,0,45,,773,15,,,0,85,,774,15,0,5 6,0,170,,775,15,0,5 6,0,45,,776,15,,,0,85,,777,15,,,0,85,,755,15,,,0,85,,756,15,,,0,45,,757,15,,,0,86,,758,15,,,0,85,,759,15,,,0,85,,760,15,,,0,40,,761,15,0,5 6,0,89,,762,15,,,0,115,,763,15,,,0,85,,764,15,,,0,85,,766,15,,,0,85,,767,15,0,5 6,0,45,,768,15,,,0,160,,769,15,,,0,120,,770,15,0,5 6,0
2132000,'cal4-sun-3',641,,790,15,,,0,85,,793,15,,,0,85,,794,15,,,0,45,,795,15,,,0,85,,796,15,0,5 6,0,170,,797,15,0,5 6,0,45,,798,15,,,0,85,,799,15,,,0,85,,780,15,,,0,85,,781,15,,,0,45,,782,15,,,0,86,,783,15,,,0,85,,784,15,,,0,85,,785,15,,,0,40,,786,15,0,5 6,0,89,,787,15,0,5 6,0,115,,788,15,,,0,170,,789,15,,,0,130,,791,15,,,0,160,,792,15,0,5 6,0
2132000,'cal5-sat',641,,812,15,,,0,85,,823,15,,,0,85,,824,15,,,0,45,,825,15,,,0,85,,826,15,0,5 6,0,170,,828,15,0,5 6,0,20,,829,15,,,0,25,,802,15,,,0,85,,803,15,,,0,15,,804,15,,,0,70,,805,15,,,0,85,,806,15,,,0,45,,807,15,,,0,56,,808,15,,,0,30,,809,15,,,0,85,,810,15,,,0,15,,811,15,,,0,70,,813,15,,,0,40,,814,15,0,5 6,0,89,,815,15,,,0,115,,816,15,,,0,85,,817,15,,,0,85,,818,15,,,0,85,,819,15,0,5 6,0,45,,820,15,,,0,160,,821,15,,,0,120,,822,15,0,5 6,0
2132000,'cal6-sun',641,,842,15,,,0,85,,850,15,,,0,85,,851,15,,,0,45,,852,15,,,0,85,,853,15,0,5 6,0,170,,855,15,0,5 6,0,20,,856,15,,,0,25,,832,15,,,0,85,,833,15,,,0,15,,834,15,,,0,70,,835,15,,,0,85,,836,15,,,0,45,,837,15,,,0,56,,838,15,,,0,30,,839,15,,,0,85,,840,15,,,0,15,,841,15,,,0,70,,843,15,,,0,40,,844,15,0,5 6,0,89,,845,15,,,0,115,,846,15,,,0,170,,847,15,,,0,130,,848,15,,,0,160,,849,15,0,5 6,0
2132000,'cal7-sat',641,,869,15,,,0,85,,880,15,,,0,85,,883,15,,,0,45,,884,15,,,0,85,,885,15,0,5 6,0,170,,887,15,0,5 6,0,20,,888,15,,,0,25,,859,15,,,0,85,,860,15,,,0,15,,861,15,,,0,70,,862,15,,,0,85,,863,15,,,0,45,,864,15,,,0,56,,865,15,,,0,30,,866,15,,,0,85,,867,15,,,0,15,,868,15,,,0,70,,870,15,,,0,40,,871,15,0,5 6,0,60,,872,15,,,0,29,,873,15,,,0,91,,874,15,,,0,24,,875,15,,,0,85,,876,15,,,0,85,,877,15,,,0,85,,878,15,0,5 6,0,45,,879,15,,,0,160,,881,15,,,0,120,,882,15,0,5 6,0
2132000,'cal8-sun',641,,901,15,,,0,85,,912,15,,,0,85,,914,15,,,0,45,,915,15,,,0,85,,916,15,0,5 6,0,170,,918,15,0,5 6,0,20,,919,15,,,0,25,,891,15,,,0,85,,892,15,,,0,15,,893,15,,,0,70,,894,15,,,0,85,,895,15,,,0,45,,896,15,,,0,56,,897,15,,,0,30,,898,15,,,0,85,,899,15,,,0,15,,900,15,,,0,70,,902,15,,,0,40,,903,15,0,5 6,0,60,,904,15,,,0,29,,905,15,,,0,91,,906,15,,,0,24,,907,15,,,0,85,,908,15,,,0,85,,909,15,,,0,85,,910,15,0,5 6,0,45,,911,15,,,0,160,,913,15,0,5 6,0
2132000,'cal9-mon',636,,932,15,,,0,85,,939,15,,,0,90,,940,15,,,0,90,,941,15,,,0,50,,942,15,,,0,165,,943,15,,,0,90,,945,15,,,0,50,,922,15,,,0,55,,923,15,,,0,35,,924,15,,,0,90,,925,15,,,0,76,,926,15,,,0,15,,927,15,,,0,90,,928,15,,,0,30,,929,15,,,0,60,,930,15,,,0,45,,931,15,,,0,169,,933,15,,,0,125,,934,15,,,0,165,,935,15,,,0,125,,937,15,0,5 6,0,120,,938,15,0,5 6,0
