2132000,'cal1-mon-tue-wed-thu-1',608,,614,73,,,0,43,,615,73,,,0,82,,626,73,,,0,94,,627,73,,,0,90,,628,73,,,0,88,,629,73,,,0,53,,630,73,,,0,162,,631,73,,,0,92,,632,73,,,0,88,,633,73,,,0,50,,616,73,,,0,92,,617,73,,,0,92,,618,73,,,0,90,,619,73,,,0,89,,620,73,,,0,202,,622,73,,,0,125,,623,73,,,0,163,,624,73,,,0
2132000,'cal10-fri-1',608,,634,73,,,0,43,,635,73,,,0,82,,646,73,,,0,94,,648,73,,,0,90,,649,73,,,0,88,,650,73,,,0,53,,651,73,,,0,162,,652,73,,,0,92,,653,73,,,0,88,,654,73,,,0,50,,636,73,,,0,92,,637,73,,,0,92,,638,73,,,0,90,,639,73,,,0,89,,640,73,,,0,202,,642,73,,,0,125,,643,73,,,0,163,,644,73,,,0,125,,645,73,,,0
2132000,'cal11-sat-1',613,,655,73,,,0,43,,656,73,,,0,82,,667,73,,,0,85,,671,73,,,0,85,,672,73,,,0,45,,673,73,,,0,88,,674,73,0,5 6,0,168,,675,73,0,5 6,0,44,,676,73,,,0,86,,677,73,,,0,84,,657,73,,,0,86,,658,73,,,0,47,,659,73,,,0,84,,660,73,,,0,85,,661,73,,,0,85,,662,73,,,0,38,,663,73,0,5 6,0,202,,665,73,,,0,170,,666,73,,,0,128,,668,73,,,0,160,,669,73,,,0
2132000,'cal12-fri',608,,678,73,,,0,43,,679,73,,,0,82,,690,73,,,0,94,,696,73,,,0,90,,697,73,,,0,88,,698,73,,,0,53,,699,73,,,0,162,,700,73,,,0,92,,701,73,,,0,88,,702,73,,,0,50,,680,73,,,0,92,,681,73,,,0,92,,682,73,,,0,90,,683,73,,,0,89,,684,73,,,0,35,,685,73,,,0,167,,686,73,,,0,35,,687,73,,,0,90,,688,73,,,0,80,,689,73,,,0,83,,691,73,,,0,45,,692,73,,,0,80,,693,73,,,0
2132000,'cal13-sat',613,,703,73,,,0,43,,704,73,,,0,82,,715,73,,,0,85,,723,73,,,0,85,,724,73,,,0,45,,725,73,,,0,88,,726,73,0,5 6,0,168,,727,73,0,5 6,0,44,,728,73,,,0,86,,729,73,,,0,84,,705,73,,,0,86,,706,73,,,0,47,,707,73,,,0,84,,708,73,,,0,85,,709,73,,,0,85,,710,73,,,0,38,,711,73,0,5 6,0,87,,712,73,0,5 6,0,115,,713,73,,,0,85,,714,73,,,0,85,,716,73,,,0,85,,717,73,,,0,43,,718,73,,,0,75,,719,73,,,0,85,,720,73,,,0
2132000,'cal2-fri',608,,730,73,,,0,43,,731,73,,,0,82,,742,73,,,0,94,,746,73,,,0,90,,747,73,,,0,88,,748,73,,,0,53,,749,73,,,0,162,,750,73,,,0,92,,751,73,,,0,88,,752,73,,,0,50,,732,73,,,0,92,,733,73,,,0,92,,734,73,,,0,90,,735,73,,,0,89,,736,73,,,0,35,,737,73,,,0,167,,738,73,,,0,35,,739,73,,,0,90,,740,73,,,0,163,,743,73,,,0,125,,744,73,,,0
2132000,'cal3-sat',613,,753,73,,,0,43,,754,73,,,0,82,,765,73,,,0,85,,771,73,,,0,85,,772,73,,,0,45,,773,73,,,0,88,,774,73,0,5 6,0,168,,775,73,0,5 6,0,44,,776,73,,,0,86,,777,73,,,0,84,,755,73,,,0,86,,756,73,,,0,47,,757,73,,,0,84,,758,73,,,0,85,,759,73,,,0,85,,760,73,,,0,38,,761,73,0,5 6,0,87,,762,73,,,0,115,,763,73,,,0,85,,764,73,,,0,85,,766,73,,,0,128,,768,73,,,0,160,,769,73,,,0
2132000,'cal4-sun-3',613,,778,73,,,0,43,,779,73,,,0,82,,790,73,,,0,85,,793,73,,,0,85,,794,73,,,0,45,,795,73,,,0,88,,796,73,0,5 6,0,168,,797,73,0,5 6,0,44,,798,73,,,0,86,,799,73,,,0,84,,780,73,,,0,86,,781,73,,,0,47,,782,73,,,0,84,,783,73,,,0,85,,784,73,,,0,85,,785,73,,,0,38,,786,73,0,5 6,0,202,,788,73,,,0,170,,789,73,,,0,128,,791,73,,,0
2132000,'cal5-sat',613,,800,73,,,0,43,,801,73,,,0,82,,812,73,,,0,85,,823,73,,,0,85,,824,73,,,0,45,,825,73,,,0,88,,826,73,0,5 6,0,64,,827,73,,,0,104,,828,73,0,5 6,0,19,,829,73,,,0,25,,802,73,,,0,86,,803,73,,,0,14,,804,73,,,0,70,,805,73,,,0,86,,806,73,,,0,47,,807,73,,,0,55,,808,73,,,0,29,,809,73,,,0,85,,810,73,,,0,15,,811,73,,,0,70,,813,73,,,0,38,,814,73,0,5 6,0,87,,815,73,,,0,115,,816,73,,,0,85,,817,73,,,0,85,,818,73,,,0,128,,820,73,,,0,160,,821,73,,,0
2132000,'cal6-sun',613,,830,73,,,0,43,,831,73,,,0,82,,842,73,,,0,85,,850,73,,,0,85,,851,73,,,0,45,,852,73,,,0,88,,853,73,0,5 6,0,64,,854,73,,,0,104,,855,73,0,5 6,0,19,,856,73,,,0,25,,832,73,,,0,86,,833,73,,,0,14,,834,73,,,0,70,,835,73,,,0,86,,836,73,,,0,47,,837,73,,,0,55,,838,73,,,0,29,,839,73,,,0,85,,840,73,,,0,15,,841,73,,,0,70,,843,73,,,0,38,,844,73,0,5 6,0,202,,846,73,,,0,170,,847,73,,,0,128,,848,73,,,0
2132000,'cal7-sat',613,,857,73,,,0,43,,858,73,,,0,82,,869,73,,,0,85,,880,73,,,0,85,,883,73,,,0,45,,884,73,,,0,88,,885,73,0,5 6,0,64,,886,73,,,0,104,,887,73,0,5 6,0,19,,888,73,,,0,25,,859,73,,,0,86,,860,73,,,0,14,,861,73,,,0,70,,862,73,,,0,86,,863,73,,,0,47,,864,73,,,0,55,,865,73,,,0,29,,866,73,,,0,85,,867,73,,,0,15,,868,73,,,0,70,,870,73,,,0,38,,871,73,0,5 6,0,58,,872,73,,,0,29,,873,73,,,0,115,,875,73,,,0,85,,876,73,,,0,85,,877,73,,,0,128,,879,73,,,0,160,,881,73,,,0
2132000,'cal8-sun',613,,889,73,,,0,43,,890,73,,,0,82,,901,73,,,0,85,,912,73,,,0,85,,914,73,,,0,45,,915,73,,,0,88,,916,73,0,5 6,0,64,,917,73,,,0,104,,918,73,0,5 6,0,19,,919,73,,,0,25,,891,73,,,0,86,,892,73,,,0,14,,893,73,,,0,70,,894,73,,,0,86,,895,73,,,0,47,,896,73,,,0,55,,897,73,,,0,29,,898,73,,,0,85,,899,73,,,0,15,,900,73,,,0,70,,902,73,,,0,38,,903,73,0,5 6,0,58,,904,73,,,0,29,,905,73,,,0,115,,907,73,,,0,85,,908,73,,,0,85,,909,73,,,0,128,,911,73,,,0
2132000,'cal9-mon',608,,920,73,,,0,43,,921,73,,,0,82,,932,73,,,0,94,,939,73,,,0,90,,940,73,,,0,88,,941,73,,,0,53,,942,73,,,0,162,,943,73,,,0,21,,944,73,,,0,71,,945,73,,,0,88,,922,73,,,0,15,,923,73,,,0,35,,924,73,,,0,92,,925,73,,,0,77,,926,73,,,0,15,,927,73,,,0,90,,928,73,,,0,29,,929,73,,,0,60,,930,73,,,0,202,,933,73,,,0,125,,934,73,,,0,163,,935,73,,,0,125,,936,73,,,0
