2132000,'cal1-mon-tue-wed-thu-1',642,,626,21,,,0,85,,627,21,,,0,90,,628,21,,,0,90,,629,21,,,0,50,,630,21,,,0,165,,631,21,,,0,90,,632,21,,,0,90,,633,21,,,0,50,,616,21,,,0,90,,617,21,,,0,91,,618,21,,,0,90,,619,21,,,0,90,,620,21,,,0,45,,621,21,,,0,169,,622,21,,,0,125,,623,21,,,0,165,,624,21,,,0,125,,625,21,0,5 6,0
2132000,'cal10-fri-1',642,,646,21,,,0,85,,648,21,,,0,90,,649,21,,,0,90,,650,21,,,0,50,,651,21,,,0,165,,652,21,,,0,90,,653,21,,,0,90,,654,21,,,0,50,,636,21,,,0,90,,637,21,,,0,91,,638,21,,,0,90,,639,21,,,0,90,,640,21,,,0,45,,641,21,,,0,169,,642,21,,,0,125,,643,21,,,0,165,,644,21,,,0,125,,645,21,,,0,160,,647,21,0,5 6,0
2132000,'cal11-sat-1',647,,667,21,,,0,85,,671,21,,,0,85,,672,21,,,0,85,,673,21,,,0,45,,674,21,0,5 6,0,170,,675,21,0,5 6,0,85,,676,21,,,0,45,,677,21,,,0,85,,657,21,,,0,85,,658,21,,,0,85,,659,21,,,0,46,,660,21,,,0,85,,661,21,,,0,85,,662,21,,,0,40,,663,21,0,5 6,0,89,,664,21,0,5 6,0,155,,665,21,,,0,130,,666,21,,,0,170,,668,21,,,0,120,,669,21,,,0,120,,670,21,0,5 6,0
2132000,'cal12-fri',642,,690,21,,,0,85,,696,21,,,0,90,,697,21,,,0,90,,698,21,,,0,50,,699,21,,,0,165,,700,21,,,0,90,,701,21,,,0,90,,702,21,,,0,50,,680,21,,,0,90,,681,21,,,0,91,,682,21,,,0,90,,683,21,,,0,90,,684,21,,,0,45,,685,21,,,0,169,,686,21,,,0,75,,687,21,,,0,50,,688,21,,,0,80,,689,21,,,0,85,,691,21,,,0,85,,692,21,,,0,40,,693,21,,,0,80,,694,21,,,0,80,,695,21,0,5 6,0
2132000,'cal13-sat',647,,715,21,,,0,85,,723,21,,,0,85,,724,21,,,0,85,,725,21,,,0,45,,726,21,0,5 6,0,170,,727,21,0,5 6,0,85,,728,21,,,0,45,,729,21,,,0,85,,705,21,,,0,85,,706,21,,,0,85,,707,21,,,0,46,,708,21,,,0,85,,709,21,,,0,85,,710,21,,,0,40,,711,21,0,5 6,0,89,,712,21,0,5 6,0,155,,713,21,,,0,45,,714,21,,,0,85,,716,21,,,0,85,,717,21,,,0,85,,718,21,,,0,35,,719,21,,,0,85,,720,21,,,0,80,,721,21,0,5 6,0,40,,722,21,0,5 6,0
2132000,'cal2-fri',642,,742,21,,,0,85,,746,21,,,0,90,,747,21,,,0,90,,748,21,,,0,50,,749,21,,,0,165,,750,21,,,0,90,,751,21,,,0,90,,752,21,,,0,50,,732,21,,,0,90,,733,21,,,0,91,,734,21,,,0,90,,735,21,,,0,90,,736,21,,,0,45,,737,21,,,0,169,,738,21,,,0,75,,739,21,,,0,50,,740,21,,,0,80,,741,21,,,0,85,,743,21,,,0,125,,744,21,,,0,160,,745,21,0,5 6,0
2132000,'cal3-sat',647,,765,21,,,0,85,,771,21,,,0,85,,772,21,,,0,85,,773,21,,,0,45,,774,21,0,5 6,0,170,,775,21,0,5 6,0,85,,776,21,,,0,45,,777,21,,,0,85,,755,21,,,0,85,,756,21,,,0,85,,757,21,,,0,46,,758,21,,,0,85,,759,21,,,0,85,,760,21,,,0,40,,761,21,0,5 6,0,89,,762,21,,,0,155,,763,21,,,0,45,,764,21,,,0,85,,766,21,,,0,85,,767,21,0,5 6,0,85,,768,21,,,0,120,,769,21,,,0,120,,770,21,0,5 6,0
2132000,'cal4-sun-3',647,,790,21,,,0,85,,793,21,,,0,85,,794,21,,,0,85,,795,21,,,0,45,,796,21,0,5 6,0,170,,797,21,0,5 6,0,85,,798,21,,,0,45,,799,21,,,0,85,,780,21,,,0,85,,781,21,,,0,85,,782,21,,,0,46,,783,21,,,0,85,,784,21,,,0,85,,785,21,,,0,40,,786,21,0,5 6,0,89,,787,21,0,5 6,0,155,,788,21,,,0,130,,789,21,,,0,170,,791,21,,,0,120,,792,21,0,5 6,0
2132000,'cal5-sat',647,,812,21,,,0,85,,823,21,,,0,85,,824,21,,,0,85,,825,21,,,0,45,,826,21,0,5 6,0,170,,828,21,0,5 6,0,20,,829,21,,,0,65,,802,21,,,0,45,,803,21,,,0,55,,804,21,,,0,30,,805,21,,,0,85,,806,21,,,0,85,,807,21,,,0,16,,808,21,,,0,30,,809,21,,,0,85,,810,21,,,0,15,,811,21,,,0,70,,813,21,,,0,40,,814,21,0,5 6,0,89,,815,21,,,0,155,,816,21,,,0,45,,817,21,,,0,85,,818,21,,,0,85,,819,21,0,5 6,0,85,,820,21,,,0,120,,821,21,,,0,120,,822,21,0,5 6,0
2132000,'cal6-sun',647,,842,21,,,0,85,,850,21,,,0,85,,851,21,,,0,85,,852,21,,,0,45,,853,21,0,5 6,0,170,,855,21,0,5 6,0,20,,856,21,,,0,65,,832,21,,,0,45,,833,21,,,0,55,,834,21,,,0,30,,835,21,,,0,85,,836,21,,,0,85,,837,21,,,0,16,,838,21,,,0,30,,839,21,,,0,85,,840,21,,,0,15,,841,21,,,0,70,,843,21,,,0,40,,844,21,0,5 6,0,89,,845,21,,,0,155,,846,21,,,0,130,,847,21,,,0,170,,848,21,,,0,120,,849,21,0,5 6,0
2132000,'cal7-sat',647,,869,21,,,0,85,,880,21,,,0,85,,883,21,,,0,85,,884,21,,,0,45,,885,21,0,5 6,0,170,,887,21,0,5 6,0,20,,888,21,,,0,65,,859,21,,,0,45,,860,21,,,0,55,,861,21,,,0,30,,862,21,,,0,85,,863,21,,,0,85,,864,21,,,0,16,,865,21,,,0,30,,866,21,,,0,85,,867,21,,,0,15,,868,21,,,0,70,,870,21,,,0,40,,871,21,0,5 6,0,60,,872,21,,,0,29,,873,21,,,0,91,,874,21,,,0,64,,875,21,,,0,45,,876,21,,,0,85,,877,21,,,0,85,,878,21,0,5 6,0,85,,879,21,,,0,120,,881,21,,,0,120,,882,21,0,5 6,0
2132000,'cal8-sun',647,,901,21,,,0,85,,912,21,,,0,85,,914,21,,,0,85,,915,21,,,0,45,,916,21,0,5 6,0,170,,918,21,0,5 6,0,20,,919,21,,,0,65,,891,21,,,0,45,,892,21,,,0,55,,893,21,,,0,30,,894,21,,,0,85,,895,21,,,0,85,,896,21,,,0,16,,897,21,,,0,30,,898,21,,,0,85,,899,21,,,0,15,,900,21,,,0,70,,902,21,,,0,40,,903,21,0,5 6,0,60,,904,21,,,0,29,,905,21,,,0,91,,906,21,,,0,64,,907,21,,,0,45,,908,21,,,0,85,,909,21,,,0,85,,910,21,0,5 6,0,85,,911,21,,,0,120,,913,21,0,5 6,0
2132000,'cal9-mon',642,,932,21,,,0,85,,939,21,,,0,90,,940,21,,,0,90,,941,21,,,0,50,,942,21,,,0,165,,943,21,,,0,90,,945,21,,,0,90,,922,21,,,0,15,,923,21,,,0,35,,924,21,,,0,90,,925,21,,,0,76,,926,21,,,0,15,,927,21,,,0,90,,928,21,,,0,30,,929,21,,,0,60,,930,21,,,0,45,,931,21,,,0,169,,933,21,,,0,125,,934,21,,,0,165,,935,21,,,0,125,,937,21,0,5 6,0,160,,938,21,0,5 6,0
