2132000,'cal1-mon-tue-wed-thu-1',537,,614,44,,,0,83,,615,44,,,0,82,,626,44,,,0,46,,627,44,,,0,90,,628,44,,,0,90,,629,44,,,0,93,,630,44,,,0,123,,631,44,,,0,92,,632,44,,,0,88,,633,44,,,0,90,,616,44,,,0,91,,617,44,,,0,51,,618,44,,,0,90,,619,44,,,0,90,,620,44,,,0,83,,621,44,,,0,127,,622,44,,,0,165,,623,44,,,0,125,,624,44,,,0,165,,625,44,0,5 6,0
2132000,'cal10-fri-1',537,,634,44,,,0,83,,635,44,,,0,82,,646,44,,,0,46,,648,44,,,0,90,,649,44,,,0,90,,650,44,,,0,93,,651,44,,,0,123,,652,44,,,0,92,,653,44,,,0,88,,654,44,,,0,90,,636,44,,,0,91,,637,44,,,0,51,,638,44,,,0,90,,639,44,,,0,90,,640,44,,,0,83,,641,44,,,0,127,,642,44,,,0,165,,643,44,,,0,125,,644,44,,,0,165,,645,44,,,0,120,,647,44,0,5 6,0
2132000,'cal11-sat-1',542,,655,44,,,0,83,,656,44,,,0,82,,667,44,,,0,45,,671,44,,,0,85,,672,44,,,0,85,,673,44,,,0,88,,674,44,0,5 6,0,129,,675,44,0,5 6,0,84,,676,44,,,0,86,,677,44,,,0,44,,657,44,,,0,86,,658,44,,,0,85,,659,44,,,0,86,,660,44,,,0,45,,661,44,,,0,85,,662,44,,,0,79,,663,44,0,5 6,0,87,,664,44,0,5 6,0,115,,665,44,,,0,130,,666,44,,,0,170,,668,44,,,0,120,,669,44,,,0,160,,670,44,0,5 6,0
2132000,'cal12-fri',537,,678,44,,,0,83,,679,44,,,0,82,,690,44,,,0,46,,696,44,,,0,90,,697,44,,,0,90,,698,44,,,0,93,,699,44,,,0,123,,700,44,,,0,92,,701,44,,,0,88,,702,44,,,0,90,,680,44,,,0,91,,681,44,,,0,51,,682,44,,,0,90,,683,44,,,0,90,,684,44,,,0,83,,685,44,,,0,127,,686,44,,,0,75,,687,44,,,0,90,,688,44,,,0,40,,689,44,,,0,85,,691,44,,,0,85,,692,44,,,0,80,,693,44,,,0,40,,694,44,,,0,80,,695,44,0,5 6,0
2132000,'cal13-sat',542,,703,44,,,0,83,,704,44,,,0,82,,715,44,,,0,45,,723,44,,,0,85,,724,44,,,0,85,,725,44,,,0,88,,726,44,0,5 6,0,129,,727,44,0,5 6,0,84,,728,44,,,0,86,,729,44,,,0,44,,705,44,,,0,86,,706,44,,,0,85,,707,44,,,0,86,,708,44,,,0,45,,709,44,,,0,85,,710,44,,,0,79,,711,44,0,5 6,0,87,,712,44,0,5 6,0,115,,713,44,,,0,85,,714,44,,,0,45,,716,44,,,0,85,,717,44,,,0,85,,718,44,,,0,35,,719,44,,,0,85,,720,44,,,0,80,,721,44,0,5 6,0,80,,722,44,0,5 6,0
2132000,'cal2-fri',537,,730,44,,,0,83,,731,44,,,0,82,,742,44,,,0,46,,746,44,,,0,90,,747,44,,,0,90,,748,44,,,0,93,,749,44,,,0,123,,750,44,,,0,92,,751,44,,,0,88,,752,44,,,0,90,,732,44,,,0,91,,733,44,,,0,51,,734,44,,,0,90,,735,44,,,0,90,,736,44,,,0,83,,737,44,,,0,127,,738,44,,,0,75,,739,44,,,0,90,,740,44,,,0,40,,741,44,,,0,85,,743,44,,,0,165,,744,44,,,0,120,,745,44,0,5 6,0
2132000,'cal3-sat',542,,753,44,,,0,83,,754,44,,,0,82,,765,44,,,0,45,,771,44,,,0,85,,772,44,,,0,85,,773,44,,,0,88,,774,44,0,5 6,0,129,,775,44,0,5 6,0,84,,776,44,,,0,86,,777,44,,,0,44,,755,44,,,0,86,,756,44,,,0,85,,757,44,,,0,86,,758,44,,,0,45,,759,44,,,0,85,,760,44,,,0,79,,761,44,0,5 6,0,87,,762,44,,,0,115,,763,44,,,0,85,,764,44,,,0,45,,766,44,,,0,85,,767,44,0,5 6,0,85,,768,44,,,0,120,,769,44,,,0,160,,770,44,0,5 6,0
2132000,'cal4-sun-3',542,,778,44,,,0,83,,779,44,,,0,82,,790,44,,,0,45,,793,44,,,0,85,,794,44,,,0,85,,795,44,,,0,88,,796,44,0,5 6,0,129,,797,44,0,5 6,0,84,,798,44,,,0,86,,799,44,,,0,44,,780,44,,,0,86,,781,44,,,0,85,,782,44,,,0,86,,783,44,,,0,45,,784,44,,,0,85,,785,44,,,0,79,,786,44,0,5 6,0,87,,787,44,0,5 6,0,115,,788,44,,,0,130,,789,44,,,0,170,,791,44,,,0,120,,792,44,0,5 6,0
2132000,'cal5-sat',542,,800,44,,,0,83,,801,44,,,0,82,,812,44,,,0,45,,823,44,,,0,85,,824,44,,,0,85,,825,44,,,0,88,,826,44,0,5 6,0,24,,827,44,,,0,105,,828,44,0,5 6,0,19,,829,44,,,0,65,,802,44,,,0,86,,803,44,,,0,14,,804,44,,,0,30,,805,44,,,0,86,,806,44,,,0,85,,807,44,,,0,16,,808,44,,,0,70,,809,44,,,0,45,,810,44,,,0,55,,811,44,,,0,30,,813,44,,,0,79,,814,44,0,5 6,0,87,,815,44,,,0,115,,816,44,,,0,85,,817,44,,,0,45,,818,44,,,0,85,,819,44,0,5 6,0,85,,820,44,,,0,120,,821,44,,,0,160,,822,44,0,5 6,0
2132000,'cal6-sun',542,,830,44,,,0,83,,831,44,,,0,82,,842,44,,,0,45,,850,44,,,0,85,,851,44,,,0,85,,852,44,,,0,88,,853,44,0,5 6,0,24,,854,44,,,0,105,,855,44,0,5 6,0,19,,856,44,,,0,65,,832,44,,,0,86,,833,44,,,0,14,,834,44,,,0,30,,835,44,,,0,86,,836,44,,,0,85,,837,44,,,0,16,,838,44,,,0,70,,839,44,,,0,45,,840,44,,,0,55,,841,44,,,0,30,,843,44,,,0,79,,844,44,0,5 6,0,87,,845,44,,,0,115,,846,44,,,0,130,,847,44,,,0,170,,848,44,,,0,120,,849,44,0,5 6,0
2132000,'cal7-sat',542,,857,44,,,0,83,,858,44,,,0,82,,869,44,,,0,45,,880,44,,,0,85,,883,44,,,0,85,,884,44,,,0,88,,885,44,0,5 6,0,24,,886,44,,,0,105,,887,44,0,5 6,0,19,,888,44,,,0,65,,859,44,,,0,86,,860,44,,,0,14,,861,44,,,0,30,,862,44,,,0,86,,863,44,,,0,85,,864,44,,,0,16,,865,44,,,0,70,,866,44,,,0,45,,867,44,,,0,55,,868,44,,,0,30,,870,44,,,0,79,,871,44,0,5 6,0,18,,872,44,,,0,69,,873,44,,,0,51,,874,44,,,0,64,,875,44,,,0,85,,876,44,,,0,45,,877,44,,,0,85,,878,44,0,5 6,0,85,,879,44,,,0,120,,881,44,,,0,160,,882,44,0,5 6,0
2132000,'cal8-sun',542,,889,44,,,0,83,,890,44,,,0,82,,901,44,,,0,45,,912,44,,,0,85,,914,44,,,0,85,,915,44,,,0,88,,916,44,0,5 6,0,24,,917,44,,,0,105,,918,44,0,5 6,0,19,,919,44,,,0,65,,891,44,,,0,86,,892,44,,,0,14,,893,44,,,0,30,,894,44,,,0,86,,895,44,,,0,85,,896,44,,,0,16,,897,44,,,0,70,,898,44,,,0,45,,899,44,,,0,55,,900,44,,,0,30,,902,44,,,0,79,,903,44,0,5 6,0,18,,904,44,,,0,69,,905,44,,,0,51,,906,44,,,0,64,,907,44,,,0,85,,908,44,,,0,45,,909,44,,,0,85,,910,44,0,5 6,0,85,,911,44,,,0,120,,913,44,0,5 6,0
2132000,'cal9-mon',537,,920,44,,,0,83,,921,44,,,0,82,,932,44,,,0,46,,939,44,,,0,90,,940,44,,,0,90,,941,44,,,0,93,,942,44,,,0,123,,943,44,,,0,61,,944,44,,,0,31,,945,44,,,0,88,,922,44,,,0,15,,923,44,,,0,75,,924,44,,,0,91,,925,44,,,0,36,,926,44,,,0,15,,927,44,,,0,90,,928,44,,,0,70,,929,44,,,0,20,,930,44,,,0,83,,931,44,,,0,127,,933,44,,,0,165,,934,44,,,0,125,,935,44,,,0,165,,937,44,0,5 6,0,120,,938,44,0,5 6,0
