2132000,'cal1-mon-tue-wed-thu-1',554,,614,58,,,0,83,,615,58,,,0,82,,626,58,,,0,94,,627,58,,,0,90,,628,58,,,0,48,,629,58,,,0,93,,630,58,,,0,163,,631,58,,,0,52,,632,58,,,0,88,,633,58,,,0,90,,616,58,,,0,92,,617,58,,,0,92,,618,58,,,0,90,,619,58,,,0,89,,620,58,,,0,202,,622,58,,,0,125,,623,58,,,0,123,,624,58,,,0
2132000,'cal10-fri-1',554,,634,58,,,0,83,,635,58,,,0,82,,646,58,,,0,94,,648,58,,,0,90,,649,58,,,0,48,,650,58,,,0,93,,651,58,,,0,163,,652,58,,,0,52,,653,58,,,0,88,,654,58,,,0,90,,636,58,,,0,92,,637,58,,,0,92,,638,58,,,0,90,,639,58,,,0,89,,640,58,,,0,202,,642,58,,,0,125,,643,58,,,0,123,,644,58,,,0,165,,645,58,,,0
2132000,'cal11-sat-1',559,,655,58,,,0,83,,656,58,,,0,82,,667,58,,,0,85,,671,58,,,0,45,,672,58,,,0,85,,673,58,,,0,88,,674,58,0,5 6,0,129,,675,58,0,5 6,0,84,,676,58,,,0,86,,677,58,,,0,84,,657,58,,,0,46,,658,58,,,0,87,,659,58,,,0,84,,660,58,,,0,85,,661,58,,,0,45,,662,58,,,0,78,,663,58,0,5 6,0,202,,665,58,,,0,170,,666,58,,,0,128,,668,58,,,0,120,,669,58,,,0
2132000,'cal12-fri',554,,678,58,,,0,83,,679,58,,,0,82,,690,58,,,0,94,,696,58,,,0,90,,697,58,,,0,48,,698,58,,,0,93,,699,58,,,0,163,,700,58,,,0,52,,701,58,,,0,88,,702,58,,,0,90,,680,58,,,0,92,,681,58,,,0,92,,682,58,,,0,90,,683,58,,,0,89,,684,58,,,0,35,,685,58,,,0,167,,686,58,,,0,35,,687,58,,,0,90,,688,58,,,0,80,,689,58,,,0,43,,691,58,,,0,85,,692,58,,,0,80,,693,58,,,0
2132000,'cal13-sat',559,,703,58,,,0,83,,704,58,,,0,82,,715,58,,,0,85,,723,58,,,0,45,,724,58,,,0,85,,725,58,,,0,88,,726,58,0,5 6,0,129,,727,58,0,5 6,0,84,,728,58,,,0,86,,729,58,,,0,84,,705,58,,,0,46,,706,58,,,0,87,,707,58,,,0,84,,708,58,,,0,85,,709,58,,,0,45,,710,58,,,0,78,,711,58,0,5 6,0,87,,712,58,0,5 6,0,115,,713,58,,,0,85,,714,58,,,0,85,,716,58,,,0,45,,717,58,,,0,83,,718,58,,,0,75,,719,58,,,0,45,,720,58,,,0
2132000,'cal2-fri',554,,730,58,,,0,83,,731,58,,,0,82,,742,58,,,0,94,,746,58,,,0,90,,747,58,,,0,48,,748,58,,,0,93,,749,58,,,0,163,,750,58,,,0,52,,751,58,,,0,88,,752,58,,,0,90,,732,58,,,0,92,,733,58,,,0,92,,734,58,,,0,90,,735,58,,,0,89,,736,58,,,0,35,,737,58,,,0,167,,738,58,,,0,35,,739,58,,,0,90,,740,58,,,0,123,,743,58,,,0,165,,744,58,,,0
2132000,'cal3-sat',559,,753,58,,,0,83,,754,58,,,0,82,,765,58,,,0,85,,771,58,,,0,45,,772,58,,,0,85,,773,58,,,0,88,,774,58,0,5 6,0,129,,775,58,0,5 6,0,84,,776,58,,,0,86,,777,58,,,0,84,,755,58,,,0,46,,756,58,,,0,87,,757,58,,,0,84,,758,58,,,0,85,,759,58,,,0,45,,760,58,,,0,78,,761,58,0,5 6,0,87,,762,58,,,0,115,,763,58,,,0,85,,764,58,,,0,85,,766,58,,,0,128,,768,58,,,0,120,,769,58,,,0
2132000,'cal4-sun-3',559,,778,58,,,0,83,,779,58,,,0,82,,790,58,,,0,85,,793,58,,,0,45,,794,58,,,0,85,,795,58,,,0,88,,796,58,0,5 6,0,129,,797,58,0,5 6,0,84,,798,58,,,0,86,,799,58,,,0,84,,780,58,,,0,46,,781,58,,,0,87,,782,58,,,0,84,,783,58,,,0,85,,784,58,,,0,45,,785,58,,,0,78,,786,58,0,5 6,0,202,,788,58,,,0,170,,789,58,,,0,128,,791,58,,,0
2132000,'cal5-sat',559,,800,58,,,0,83,,801,58,,,0,82,,812,58,,,0,85,,823,58,,,0,45,,824,58,,,0,85,,825,58,,,0,88,,826,58,0,5 6,0,24,,827,58,,,0,105,,828,58,0,5 6,0,59,,829,58,,,0,25,,802,58,,,0,86,,803,58,,,0,14,,804,58,,,0,70,,805,58,,,0,46,,806,58,,,0,87,,807,58,,,0,15,,808,58,,,0,69,,809,58,,,0,85,,810,58,,,0,15,,811,58,,,0,30,,813,58,,,0,78,,814,58,0,5 6,0,87,,815,58,,,0,115,,816,58,,,0,85,,817,58,,,0,85,,818,58,,,0,128,,820,58,,,0,120,,821,58,,,0
2132000,'cal6-sun',559,,830,58,,,0,83,,831,58,,,0,82,,842,58,,,0,85,,850,58,,,0,45,,851,58,,,0,85,,852,58,,,0,88,,853,58,0,5 6,0,24,,854,58,,,0,105,,855,58,0,5 6,0,59,,856,58,,,0,25,,832,58,,,0,86,,833,58,,,0,14,,834,58,,,0,70,,835,58,,,0,46,,836,58,,,0,87,,837,58,,,0,15,,838,58,,,0,69,,839,58,,,0,85,,840,58,,,0,15,,841,58,,,0,30,,843,58,,,0,78,,844,58,0,5 6,0,202,,846,58,,,0,170,,847,58,,,0,128,,848,58,,,0
2132000,'cal7-sat',559,,857,58,,,0,83,,858,58,,,0,82,,869,58,,,0,85,,880,58,,,0,45,,883,58,,,0,85,,884,58,,,0,88,,885,58,0,5 6,0,24,,886,58,,,0,105,,887,58,0,5 6,0,59,,888,58,,,0,25,,859,58,,,0,86,,860,58,,,0,14,,861,58,,,0,70,,862,58,,,0,46,,863,58,,,0,87,,864,58,,,0,15,,865,58,,,0,69,,866,58,,,0,85,,867,58,,,0,15,,868,58,,,0,30,,870,58,,,0,78,,871,58,0,5 6,0,18,,872,58,,,0,69,,873,58,,,0,115,,875,58,,,0,85,,876,58,,,0,85,,877,58,,,0,128,,879,58,,,0,120,,881,58,,,0
2132000,'cal8-sun',559,,889,58,,,0,83,,890,58,,,0,82,,901,58,,,0,85,,912,58,,,0,45,,914,58,,,0,85,,915,58,,,0,88,,916,58,0,5 6,0,24,,917,58,,,0,105,,918,58,0,5 6,0,59,,919,58,,,0,25,,891,58,,,0,86,,892,58,,,0,14,,893,58,,,0,70,,894,58,,,0,46,,895,58,,,0,87,,896,58,,,0,15,,897,58,,,0,69,,898,58,,,0,85,,899,58,,,0,15,,900,58,,,0,30,,902,58,,,0,78,,903,58,0,5 6,0,18,,904,58,,,0,69,,905,58,,,0,115,,907,58,,,0,85,,908,58,,,0,85,,909,58,,,0,128,,911,58,,,0
2132000,'cal9-mon',554,,920,58,,,0,83,,921,58,,,0,82,,932,58,,,0,94,,939,58,,,0,90,,940,58,,,0,48,,941,58,,,0,93,,942,58,,,0,163,,943,58,,,0,21,,944,58,,,0,31,,945,58,,,0,88,,922,58,,,0,55,,923,58,,,0,35,,924,58,,,0,92,,925,58,,,0,77,,926,58,,,0,15,,927,58,,,0,90,,928,58,,,0,29,,929,58,,,0,60,,930,58,,,0,202,,933,58,,,0,125,,934,58,,,0,123,,935,58,,,0,165,,936,58,,,0
