2132000,'cal1-mon-tue-wed-thu-1',643,,626,22,,,0,85,,627,22,,,0,90,,628,22,,,0,90,,629,22,,,0,50,,630,22,,,0,165,,631,22,,,0,90,,632,22,,,0,90,,633,22,,,0,50,,616,22,,,0,90,,617,22,,,0,91,,618,22,,,0,90,,619,22,,,0,90,,620,22,,,0,45,,621,22,,,0,169,,622,22,,,0,125,,623,22,,,0,165,,624,22,,,0,125,,625,22,0,5 6,0
2132000,'cal10-fri-1',643,,646,22,,,0,85,,648,22,,,0,90,,649,22,,,0,90,,650,22,,,0,50,,651,22,,,0,165,,652,22,,,0,90,,653,22,,,0,90,,654,22,,,0,50,,636,22,,,0,90,,637,22,,,0,91,,638,22,,,0,90,,639,22,,,0,90,,640,22,,,0,45,,641,22,,,0,169,,642,22,,,0,125,,643,22,,,0,165,,644,22,,,0,125,,645,22,,,0,160,,647,22,0,5 6,0
2132000,'cal11-sat-1',648,,667,22,,,0,85,,671,22,,,0,85,,672,22,,,0,85,,673,22,,,0,45,,674,22,0,5 6,0,170,,675,22,0,5 6,0,85,,676,22,,,0,45,,677,22,,,0,85,,657,22,,,0,85,,658,22,,,0,85,,659,22,,,0,46,,660,22,,,0,85,,661,22,,,0,85,,662,22,,,0,40,,663,22,0,5 6,0,89,,664,22,0,5 6,0,155,,665,22,,,0,130,,666,22,,,0,170,,668,22,,,0,120,,669,22,,,0,120,,670,22,0,5 6,0
2132000,'cal12-fri',643,,690,22,,,0,85,,696,22,,,0,90,,697,22,,,0,90,,698,22,,,0,50,,699,22,,,0,165,,700,22,,,0,90,,701,22,,,0,90,,702,22,,,0,50,,680,22,,,0,90,,681,22,,,0,91,,682,22,,,0,90,,683,22,,,0,90,,684,22,,,0,45,,685,22,,,0,169,,686,22,,,0,75,,687,22,,,0,50,,688,22,,,0,80,,689,22,,,0,85,,691,22,,,0,85,,692,22,,,0,40,,693,22,,,0,80,,694,22,,,0,80,,695,22,0,5 6,0
2132000,'cal13-sat',648,,715,22,,,0,85,,723,22,,,0,85,,724,22,,,0,85,,725,22,,,0,45,,726,22,0,5 6,0,170,,727,22,0,5 6,0,85,,728,22,,,0,45,,729,22,,,0,85,,705,22,,,0,85,,706,22,,,0,85,,707,22,,,0,46,,708,22,,,0,85,,709,22,,,0,85,,710,22,,,0,40,,711,22,0,5 6,0,89,,712,22,0,5 6,0,155,,713,22,,,0,45,,714,22,,,0,85,,716,22,,,0,85,,717,22,,,0,85,,718,22,,,0,35,,719,22,,,0,85,,720,22,,,0,80,,721,22,0,5 6,0,40,,722,22,0,5 6,0
2132000,'cal2-fri',643,,742,22,,,0,85,,746,22,,,0,90,,747,22,,,0,90,,748,22,,,0,50,,749,22,,,0,165,,750,22,,,0,90,,751,22,,,0,90,,752,22,,,0,50,,732,22,,,0,90,,733,22,,,0,91,,734,22,,,0,90,,735,22,,,0,90,,736,22,,,0,45,,737,22,,,0,169,,738,22,,,0,75,,739,22,,,0,50,,740,22,,,0,80,,741,22,,,0,85,,743,22,,,0,125,,744,22,,,0,160,,745,22,0,5 6,0
2132000,'cal3-sat',648,,765,22,,,0,85,,771,22,,,0,85,,772,22,,,0,85,,773,22,,,0,45,,774,22,0,5 6,0,170,,775,22,0,5 6,0,85,,776,22,,,0,45,,777,22,,,0,85,,755,22,,,0,85,,756,22,,,0,85,,757,22,,,0,46,,758,22,,,0,85,,759,22,,,0,85,,760,22,,,0,40,,761,22,0,5 6,0,89,,762,22,,,0,155,,763,22,,,0,45,,764,22,,,0,85,,766,22,,,0,85,,767,22,0,5 6,0,85,,768,22,,,0,120,,769,22,,,0,120,,770,22,0,5 6,0
2132000,'cal4-sun-3',648,,790,22,,,0,85,,793,22,,,0,85,,794,22,,,0,85,,795,22,,,0,45,,796,22,0,5 6,0,170,,797,22,0,5 6,0,85,,798,22,,,0,45,,799,22,,,0,85,,780,22,,,0,85,,781,22,,,0,85,,782,22,,,0,46,,783,22,,,0,85,,784,22,,,0,85,,785,22,,,0,40,,786,22,0,5 6,0,89,,787,22,0,5 6,0,155,,788,22,,,0,130,,789,22,,,0,170,,791,22,,,0,120,,792,22,0,5 6,0
2132000,'cal5-sat',648,,812,22,,,0,85,,823,22,,,0,85,,824,22,,,0,85,,825,22,,,0,45,,826,22,0,5 6,0,170,,828,22,0,5 6,0,20,,829,22,,,0,65,,802,22,,,0,45,,803,22,,,0,55,,804,22,,,0,30,,805,22,,,0,85,,806,22,,,0,85,,807,22,,,0,16,,808,22,,,0,30,,809,22,,,0,85,,810,22,,,0,15,,811,22,,,0,70,,813,22,,,0,40,,814,22,0,5 6,0,89,,815,22,,,0,155,,816,22,,,0,45,,817,22,,,0,85,,818,22,,,0,85,,819,22,0,5 6,0,85,,820,22,,,0,120,,821,22,,,0,120,,822,22,0,5 6,0
2132000,'cal6-sun',648,,842,22,,,0,85,,850,22,,,0,85,,851,22,,,0,85,,852,22,,,0,45,,853,22,0,5 6,0,170,,855,22,0,5 6,0,20,,856,22,,,0,65,,832,22,,,0,45,,833,22,,,0,55,,834,22,,,0,30,,835,22,,,0,85,,836,22,,,0,85,,837,22,,,0,16,,838,22,,,0,30,,839,22,,,0,85,,840,22,,,0,15,,841,22,,,0,70,,843,22,,,0,40,,844,22,0,5 6,0,89,,845,22,,,0,155,,846,22,,,0,130,,847,22,,,0,170,,848,22,,,0,120,,849,22,0,5 6,0
2132000,'cal7-sat',648,,869,22,,,0,85,,880,22,,,0,85,,883,22,,,0,85,,884,22,,,0,45,,885,22,0,5 6,0,170,,887,22,0,5 6,0,20,,888,22,,,0,65,,859,22,,,0,45,,860,22,,,0,55,,861,22,,,0,30,,862,22,,,0,85,,863,22,,,0,85,,864,22,,,0,16,,865,22,,,0,30,,866,22,,,0,85,,867,22,,,0,15,,868,22,,,0,70,,870,22,,,0,40,,871,22,0,5 6,0,60,,872,22,,,0,29,,873,22,,,0,91,,874,22,,,0,64,,875,22,,,0,45,,876,22,,,0,85,,877,22,,,0,85,,878,22,0,5 6,0,85,,879,22,,,0,120,,881,22,,,0,120,,882,22,0,5 6,0
2132000,'cal8-sun',648,,901,22,,,0,85,,912,22,,,0,85,,914,22,,,0,85,,915,22,,,0,45,,916,22,0,5 6,0,170,,918,22,0,5 6,0,20,,919,22,,,0,65,,891,22,,,0,45,,892,22,,,0,55,,893,22,,,0,30,,894,22,,,0,85,,895,22,,,0,85,,896,22,,,0,16,,897,22,,,0,30,,898,22,,,0,85,,899,22,,,0,15,,900,22,,,0,70,,902,22,,,0,40,,903,22,0,5 6,0,60,,904,22,,,0,29,,905,22,,,0,91,,906,22,,,0,64,,907,22,,,0,45,,908,22,,,0,85,,909,22,,,0,85,,910,22,0,5 6,0,85,,911,22,,,0,120,,913,22,0,5 6,0
2132000,'cal9-mon',643,,932,22,,,0,85,,939,22,,,0,90,,940,22,,,0,90,,941,22,,,0,50,,942,22,,,0,165,,943,22,,,0,90,,945,22,,,0,90,,922,22,,,0,15,,923,22,,,0,35,,924,22,,,0,90,,925,22,,,0,76,,926,22,,,0,15,,927,22,,,0,90,,928,22,,,0,30,,929,22,,,0,60,,930,22,,,0,45,,931,22,,,0,169,,933,22,,,0,125,,934,22,,,0,165,,935,22,,,0,125,,937,22,0,5 6,0,160,,938,22,0,5 6,0
