2132000,'cal1-mon-tue-wed-thu-1',646,,626,26,,,0,85,,627,26,,,0,90,,628,26,,,0,90,,629,26,,,0,90,,630,26,,,0,125,,631,26,,,0,90,,632,26,,,0,90,,633,26,,,0,50,,616,26,,,0,91,,617,26,,,0,91,,618,26,,,0,90,,619,26,,,0,90,,620,26,,,0,85,,621,26,,,0,128,,622,26,,,0,125,,623,26,,,0,165,,624,26,,,0,125,,625,26,0,5 6,0
2132000,'cal10-fri-1',646,,646,26,,,0,85,,648,26,,,0,90,,649,26,,,0,90,,650,26,,,0,90,,651,26,,,0,125,,652,26,,,0,90,,653,26,,,0,90,,654,26,,,0,50,,636,26,,,0,91,,637,26,,,0,91,,638,26,,,0,90,,639,26,,,0,90,,640,26,,,0,85,,641,26,,,0,128,,642,26,,,0,125,,643,26,,,0,165,,644,26,,,0,125,,645,26,,,0,160,,647,26,0,5 6,0
2132000,'cal11-sat-1',651,,667,26,,,0,85,,671,26,,,0,85,,672,26,,,0,85,,673,26,,,0,45,,674,26,0,5 6,0,170,,675,26,0,5 6,0,85,,676,26,,,0,45,,677,26,,,0,85,,657,26,,,0,86,,658,26,,,0,85,,659,26,,,0,46,,660,26,,,0,85,,661,26,,,0,85,,662,26,,,0,80,,663,26,0,5 6,0,48,,664,26,0,5 6,0,155,,665,26,,,0,130,,666,26,,,0,170,,668,26,,,0,120,,669,26,,,0,120,,670,26,0,5 6,0
2132000,'cal12-fri',646,,690,26,,,0,85,,696,26,,,0,90,,697,26,,,0,90,,698,26,,,0,90,,699,26,,,0,125,,700,26,,,0,90,,701,26,,,0,90,,702,26,,,0,50,,680,26,,,0,91,,681,26,,,0,91,,682,26,,,0,90,,683,26,,,0,90,,684,26,,,0,85,,685,26,,,0,128,,686,26,,,0,75,,687,26,,,0,50,,688,26,,,0,80,,689,26,,,0,85,,691,26,,,0,85,,692,26,,,0,40,,693,26,,,0,80,,694,26,,,0,80,,695,26,0,5 6,0
2132000,'cal13-sat',651,,715,26,,,0,85,,723,26,,,0,85,,724,26,,,0,85,,725,26,,,0,45,,726,26,0,5 6,0,170,,727,26,0,5 6,0,85,,728,26,,,0,45,,729,26,,,0,85,,705,26,,,0,86,,706,26,,,0,85,,707,26,,,0,46,,708,26,,,0,85,,709,26,,,0,85,,710,26,,,0,80,,711,26,0,5 6,0,48,,712,26,0,5 6,0,155,,713,26,,,0,45,,714,26,,,0,85,,716,26,,,0,85,,717,26,,,0,85,,718,26,,,0,35,,719,26,,,0,85,,720,26,,,0,80,,721,26,0,5 6,0,40,,722,26,0,5 6,0
2132000,'cal2-fri',646,,742,26,,,0,85,,746,26,,,0,90,,747,26,,,0,90,,748,26,,,0,90,,749,26,,,0,125,,750,26,,,0,90,,751,26,,,0,90,,752,26,,,0,50,,732,26,,,0,91,,733,26,,,0,91,,734,26,,,0,90,,735,26,,,0,90,,736,26,,,0,85,,737,26,,,0,128,,738,26,,,0,75,,739,26,,,0,50,,740,26,,,0,80,,741,26,,,0,85,,743,26,,,0,125,,744,26,,,0,160,,745,26,0,5 6,0
2132000,'cal3-sat',651,,765,26,,,0,85,,771,26,,,0,85,,772,26,,,0,85,,773,26,,,0,45,,774,26,0,5 6,0,170,,775,26,0,5 6,0,85,,776,26,,,0,45,,777,26,,,0,85,,755,26,,,0,86,,756,26,,,0,85,,757,26,,,0,46,,758,26,,,0,85,,759,26,,,0,85,,760,26,,,0,80,,761,26,0,5 6,0,48,,762,26,,,0,155,,763,26,,,0,45,,764,26,,,0,85,,766,26,,,0,85,,767,26,0,5 6,0,85,,768,26,,,0,120,,769,26,,,0,120,,770,26,0,5 6,0
2132000,'cal4-sun-3',651,,790,26,,,0,85,,793,26,,,0,85,,794,26,,,0,85,,795,26,,,0,45,,796,26,0,5 6,0,170,,797,26,0,5 6,0,85,,798,26,,,0,45,,799,26,,,0,85,,780,26,,,0,86,,781,26,,,0,85,,782,26,,,0,46,,783,26,,,0,85,,784,26,,,0,85,,785,26,,,0,80,,786,26,0,5 6,0,48,,787,26,0,5 6,0,155,,788,26,,,0,130,,789,26,,,0,170,,791,26,,,0,120,,792,26,0,5 6,0
2132000,'cal5-sat',651,,812,26,,,0,85,,823,26,,,0,85,,824,26,,,0,85,,825,26,,,0,45,,826,26,0,5 6,0,170,,828,26,0,5 6,0,20,,829,26,,,0,65,,802,26,,,0,45,,803,26,,,0,55,,804,26,,,0,30,,805,26,,,0,86,,806,26,,,0,85,,807,26,,,0,16,,808,26,,,0,30,,809,26,,,0,85,,810,26,,,0,15,,811,26,,,0,70,,813,26,,,0,80,,814,26,0,5 6,0,48,,815,26,,,0,155,,816,26,,,0,45,,817,26,,,0,85,,818,26,,,0,85,,819,26,0,5 6,0,85,,820,26,,,0,120,,821,26,,,0,120,,822,26,0,5 6,0
2132000,'cal6-sun',651,,842,26,,,0,85,,850,26,,,0,85,,851,26,,,0,85,,852,26,,,0,45,,853,26,0,5 6,0,170,,855,26,0,5 6,0,20,,856,26,,,0,65,,832,26,,,0,45,,833,26,,,0,55,,834,26,,,0,30,,835,26,,,0,86,,836,26,,,0,85,,837,26,,,0,16,,838,26,,,0,30,,839,26,,,0,85,,840,26,,,0,15,,841,26,,,0,70,,843,26,,,0,80,,844,26,0,5 6,0,48,,845,26,,,0,155,,846,26,,,0,130,,847,26,,,0,170,,848,26,,,0,120,,849,26,0,5 6,0
2132000,'cal7-sat',651,,869,26,,,0,85,,880,26,,,0,85,,883,26,,,0,85,,884,26,,,0,45,,885,26,0,5 6,0,170,,887,26,0,5 6,0,20,,888,26,,,0,65,,859,26,,,0,45,,860,26,,,0,55,,861,26,,,0,30,,862,26,,,0,86,,863,26,,,0,85,,864,26,,,0,16,,865,26,,,0,30,,866,26,,,0,85,,867,26,,,0,15,,868,26,,,0,70,,870,26,,,0,80,,871,26,0,5 6,0,19,,872,26,,,0,29,,873,26,,,0,91,,874,26,,,0,64,,875,26,,,0,45,,876,26,,,0,85,,877,26,,,0,85,,878,26,0,5 6,0,85,,879,26,,,0,120,,881,26,,,0,120,,882,26,0,5 6,0
2132000,'cal8-sun',651,,901,26,,,0,85,,912,26,,,0,85,,914,26,,,0,85,,915,26,,,0,45,,916,26,0,5 6,0,170,,918,26,0,5 6,0,20,,919,26,,,0,65,,891,26,,,0,45,,892,26,,,0,55,,893,26,,,0,30,,894,26,,,0,86,,895,26,,,0,85,,896,26,,,0,16,,897,26,,,0,30,,898,26,,,0,85,,899,26,,,0,15,,900,26,,,0,70,,902,26,,,0,80,,903,26,0,5 6,0,19,,904,26,,,0,29,,905,26,,,0,91,,906,26,,,0,64,,907,26,,,0,45,,908,26,,,0,85,,909,26,,,0,85,,910,26,0,5 6,0,85,,911,26,,,0,120,,913,26,0,5 6,0
2132000,'cal9-mon',646,,932,26,,,0,85,,939,26,,,0,90,,940,26,,,0,90,,941,26,,,0,90,,942,26,,,0,125,,943,26,,,0,90,,945,26,,,0,90,,922,26,,,0,15,,923,26,,,0,35,,924,26,,,0,91,,925,26,,,0,76,,926,26,,,0,15,,927,26,,,0,90,,928,26,,,0,30,,929,26,,,0,60,,930,26,,,0,85,,931,26,,,0,128,,933,26,,,0,125,,934,26,,,0,165,,935,26,,,0,125,,937,26,0,5 6,0,160,,938,26,0,5 6,0
