2132000,'cal1-mon-tue-wed-thu-1',601,,614,66,,,0,43,,615,66,,,0,82,,626,66,,,0,94,,627,66,,,0,90,,628,66,,,0,48,,629,66,,,0,93,,630,66,,,0,162,,631,66,,,0,92,,632,66,,,0,48,,633,66,,,0,90,,616,66,,,0,92,,617,66,,,0,92,,618,66,,,0,90,,619,66,,,0,89,,620,66,,,0,202,,622,66,,,0,125,,623,66,,,0,123,,624,66,,,0
2132000,'cal10-fri-1',601,,634,66,,,0,43,,635,66,,,0,82,,646,66,,,0,94,,648,66,,,0,90,,649,66,,,0,48,,650,66,,,0,93,,651,66,,,0,162,,652,66,,,0,92,,653,66,,,0,48,,654,66,,,0,90,,636,66,,,0,92,,637,66,,,0,92,,638,66,,,0,90,,639,66,,,0,89,,640,66,,,0,202,,642,66,,,0,125,,643,66,,,0,123,,644,66,,,0,165,,645,66,,,0
2132000,'cal11-sat-1',606,,655,66,,,0,43,,656,66,,,0,82,,667,66,,,0,85,,671,66,,,0,85,,672,66,,,0,45,,673,66,,,0,88,,674,66,0,5 6,0,168,,675,66,0,5 6,0,44,,676,66,,,0,86,,677,66,,,0,84,,657,66,,,0,86,,658,66,,,0,47,,659,66,,,0,84,,660,66,,,0,85,,661,66,,,0,85,,662,66,,,0,38,,663,66,0,5 6,0,202,,665,66,,,0,170,,666,66,,,0,128,,668,66,,,0,160,,669,66,,,0
2132000,'cal12-fri',601,,678,66,,,0,43,,679,66,,,0,82,,690,66,,,0,94,,696,66,,,0,90,,697,66,,,0,48,,698,66,,,0,93,,699,66,,,0,162,,700,66,,,0,92,,701,66,,,0,48,,702,66,,,0,90,,680,66,,,0,92,,681,66,,,0,92,,682,66,,,0,90,,683,66,,,0,89,,684,66,,,0,35,,685,66,,,0,167,,686,66,,,0,35,,687,66,,,0,90,,688,66,,,0,80,,689,66,,,0,43,,691,66,,,0,85,,692,66,,,0,80,,693,66,,,0
2132000,'cal13-sat',606,,703,66,,,0,43,,704,66,,,0,82,,715,66,,,0,85,,723,66,,,0,85,,724,66,,,0,45,,725,66,,,0,88,,726,66,0,5 6,0,168,,727,66,0,5 6,0,44,,728,66,,,0,86,,729,66,,,0,84,,705,66,,,0,86,,706,66,,,0,47,,707,66,,,0,84,,708,66,,,0,85,,709,66,,,0,85,,710,66,,,0,38,,711,66,0,5 6,0,87,,712,66,0,5 6,0,115,,713,66,,,0,85,,714,66,,,0,85,,716,66,,,0,45,,717,66,,,0,83,,718,66,,,0,75,,719,66,,,0,85,,720,66,,,0
2132000,'cal2-fri',601,,730,66,,,0,43,,731,66,,,0,82,,742,66,,,0,94,,746,66,,,0,90,,747,66,,,0,48,,748,66,,,0,93,,749,66,,,0,162,,750,66,,,0,92,,751,66,,,0,48,,752,66,,,0,90,,732,66,,,0,92,,733,66,,,0,92,,734,66,,,0,90,,735,66,,,0,89,,736,66,,,0,35,,737,66,,,0,167,,738,66,,,0,35,,739,66,,,0,90,,740,66,,,0,123,,743,66,,,0,165,,744,66,,,0
2132000,'cal3-sat',606,,753,66,,,0,43,,754,66,,,0,82,,765,66,,,0,85,,771,66,,,0,85,,772,66,,,0,45,,773,66,,,0,88,,774,66,0,5 6,0,168,,775,66,0,5 6,0,44,,776,66,,,0,86,,777,66,,,0,84,,755,66,,,0,86,,756,66,,,0,47,,757,66,,,0,84,,758,66,,,0,85,,759,66,,,0,85,,760,66,,,0,38,,761,66,0,5 6,0,87,,762,66,,,0,115,,763,66,,,0,85,,764,66,,,0,85,,766,66,,,0,128,,768,66,,,0,160,,769,66,,,0
2132000,'cal4-sun-3',606,,778,66,,,0,43,,779,66,,,0,82,,790,66,,,0,85,,793,66,,,0,85,,794,66,,,0,45,,795,66,,,0,88,,796,66,0,5 6,0,168,,797,66,0,5 6,0,44,,798,66,,,0,86,,799,66,,,0,84,,780,66,,,0,86,,781,66,,,0,47,,782,66,,,0,84,,783,66,,,0,85,,784,66,,,0,85,,785,66,,,0,38,,786,66,0,5 6,0,202,,788,66,,,0,170,,789,66,,,0,128,,791,66,,,0
2132000,'cal5-sat',606,,800,66,,,0,43,,801,66,,,0,82,,812,66,,,0,85,,823,66,,,0,85,,824,66,,,0,45,,825,66,,,0,88,,826,66,0,5 6,0,24,,827,66,,,0,144,,828,66,0,5 6,0,19,,829,66,,,0,25,,802,66,,,0,86,,803,66,,,0,14,,804,66,,,0,70,,805,66,,,0,86,,806,66,,,0,47,,807,66,,,0,55,,808,66,,,0,29,,809,66,,,0,85,,810,66,,,0,15,,811,66,,,0,70,,813,66,,,0,38,,814,66,0,5 6,0,87,,815,66,,,0,115,,816,66,,,0,85,,817,66,,,0,85,,818,66,,,0,128,,820,66,,,0,160,,821,66,,,0
2132000,'cal6-sun',606,,830,66,,,0,43,,831,66,,,0,82,,842,66,,,0,85,,850,66,,,0,85,,851,66,,,0,45,,852,66,,,0,88,,853,66,0,5 6,0,24,,854,66,,,0,144,,855,66,0,5 6,0,19,,856,66,,,0,25,,832,66,,,0,86,,833,66,,,0,14,,834,66,,,0,70,,835,66,,,0,86,,836,66,,,0,47,,837,66,,,0,55,,838,66,,,0,29,,839,66,,,0,85,,840,66,,,0,15,,841,66,,,0,70,,843,66,,,0,38,,844,66,0,5 6,0,202,,846,66,,,0,170,,847,66,,,0,128,,848,66,,,0
2132000,'cal7-sat',606,,857,66,,,0,43,,858,66,,,0,82,,869,66,,,0,85,,880,66,,,0,85,,883,66,,,0,45,,884,66,,,0,88,,885,66,0,5 6,0,24,,886,66,,,0,144,,887,66,0,5 6,0,19,,888,66,,,0,25,,859,66,,,0,86,,860,66,,,0,14,,861,66,,,0,70,,862,66,,,0,86,,863,66,,,0,47,,864,66,,,0,55,,865,66,,,0,29,,866,66,,,0,85,,867,66,,,0,15,,868,66,,,0,70,,870,66,,,0,38,,871,66,0,5 6,0,18,,872,66,,,0,69,,873,66,,,0,115,,875,66,,,0,85,,876,66,,,0,85,,877,66,,,0,128,,879,66,,,0,160,,881,66,,,0
2132000,'cal8-sun',606,,889,66,,,0,43,,890,66,,,0,82,,901,66,,,0,85,,912,66,,,0,85,,914,66,,,0,45,,915,66,,,0,88,,916,66,0,5 6,0,24,,917,66,,,0,144,,918,66,0,5 6,0,19,,919,66,,,0,25,,891,66,,,0,86,,892,66,,,0,14,,893,66,,,0,70,,894,66,,,0,86,,895,66,,,0,47,,896,66,,,0,55,,897,66,,,0,29,,898,66,,,0,85,,899,66,,,0,15,,900,66,,,0,70,,902,66,,,0,38,,903,66,0,5 6,0,18,,904,66,,,0,69,,905,66,,,0,115,,907,66,,,0,85,,908,66,,,0,85,,909,66,,,0,128,,911,66,,,0
2132000,'cal9-mon',601,,920,66,,,0,43,,921,66,,,0,82,,932,66,,,0,94,,939,66,,,0,90,,940,66,,,0,48,,941,66,,,0,93,,942,66,,,0,162,,943,66,,,0,21,,944,66,,,0,71,,945,66,,,0,48,,922,66,,,0,55,,923,66,,,0,35,,924,66,,,0,92,,925,66,,,0,77,,926,66,,,0,15,,927,66,,,0,90,,928,66,,,0,29,,929,66,,,0,60,,930,66,,,0,202,,933,66,,,0,125,,934,66,,,0,123,,935,66,,,0,165,,936,66,,,0
