2132000,'cal1-mon-tue-wed-thu-1',528,,614,34,,,0,83,,615,34,,,0,42,,626,34,,,0,85,,627,34,,,0,90,,628,34,,,0,90,,629,34,,,0,92,,630,34,,,0,124,,631,34,,,0,91,,632,34,,,0,89,,633,34,,,0,90,,616,34,,,0,51,,617,34,,,0,91,,618,34,,,0,90,,619,34,,,0,90,,620,34,,,0,85,,621,34,,,0,127,,622,34,,,0,165,,623,34,,,0,125,,624,34,,,0,125,,625,34,0,5 6,0
2132000,'cal10-fri-1',528,,634,34,,,0,83,,635,34,,,0,42,,646,34,,,0,85,,648,34,,,0,90,,649,34,,,0,90,,650,34,,,0,92,,651,34,,,0,124,,652,34,,,0,91,,653,34,,,0,89,,654,34,,,0,90,,636,34,,,0,51,,637,34,,,0,91,,638,34,,,0,90,,639,34,,,0,90,,640,34,,,0,85,,641,34,,,0,127,,642,34,,,0,165,,643,34,,,0,125,,644,34,,,0,125,,645,34,,,0,160,,647,34,0,5 6,0
2132000,'cal11-sat-1',533,,655,34,,,0,83,,656,34,,,0,42,,667,34,,,0,85,,671,34,,,0,85,,672,34,,,0,85,,673,34,,,0,87,,674,34,0,5 6,0,130,,675,34,0,5 6,0,84,,676,34,,,0,86,,677,34,,,0,44,,657,34,,,0,86,,658,34,,,0,85,,659,34,,,0,86,,660,34,,,0,45,,661,34,,,0,85,,662,34,,,0,80,,663,34,0,5 6,0,47,,664,34,0,5 6,0,155,,665,34,,,0,130,,666,34,,,0,170,,668,34,,,0,120,,669,34,,,0,120,,670,34,0,5 6,0
2132000,'cal12-fri',528,,678,34,,,0,83,,679,34,,,0,42,,690,34,,,0,85,,696,34,,,0,90,,697,34,,,0,90,,698,34,,,0,92,,699,34,,,0,124,,700,34,,,0,91,,701,34,,,0,89,,702,34,,,0,90,,680,34,,,0,51,,681,34,,,0,91,,682,34,,,0,90,,683,34,,,0,90,,684,34,,,0,85,,685,34,,,0,127,,686,34,,,0,75,,687,34,,,0,90,,688,34,,,0,40,,689,34,,,0,85,,691,34,,,0,85,,692,34,,,0,40,,693,34,,,0,80,,694,34,,,0,80,,695,34,0,5 6,0
2132000,'cal13-sat',533,,703,34,,,0,83,,704,34,,,0,42,,715,34,,,0,85,,723,34,,,0,85,,724,34,,,0,85,,725,34,,,0,87,,726,34,0,5 6,0,130,,727,34,0,5 6,0,84,,728,34,,,0,86,,729,34,,,0,44,,705,34,,,0,86,,706,34,,,0,85,,707,34,,,0,86,,708,34,,,0,45,,709,34,,,0,85,,710,34,,,0,80,,711,34,0,5 6,0,47,,712,34,0,5 6,0,155,,713,34,,,0,45,,714,34,,,0,85,,716,34,,,0,85,,717,34,,,0,85,,718,34,,,0,35,,719,34,,,0,85,,720,34,,,0,80,,721,34,0,5 6,0,40,,722,34,0,5 6,0
2132000,'cal2-fri',528,,730,34,,,0,83,,731,34,,,0,42,,742,34,,,0,85,,746,34,,,0,90,,747,34,,,0,90,,748,34,,,0,92,,749,34,,,0,124,,750,34,,,0,91,,751,34,,,0,89,,752,34,,,0,90,,732,34,,,0,51,,733,34,,,0,91,,734,34,,,0,90,,735,34,,,0,90,,736,34,,,0,85,,737,34,,,0,127,,738,34,,,0,75,,739,34,,,0,90,,740,34,,,0,40,,741,34,,,0,85,,743,34,,,0,125,,744,34,,,0,160,,745,34,0,5 6,0
2132000,'cal3-sat',533,,753,34,,,0,83,,754,34,,,0,42,,765,34,,,0,85,,771,34,,,0,85,,772,34,,,0,85,,773,34,,,0,87,,774,34,0,5 6,0,130,,775,34,0,5 6,0,84,,776,34,,,0,86,,777,34,,,0,44,,755,34,,,0,86,,756,34,,,0,85,,757,34,,,0,86,,758,34,,,0,45,,759,34,,,0,85,,760,34,,,0,80,,761,34,0,5 6,0,47,,762,34,,,0,155,,763,34,,,0,45,,764,34,,,0,85,,766,34,,,0,85,,767,34,0,5 6,0,85,,768,34,,,0,120,,769,34,,,0,120,,770,34,0,5 6,0
2132000,'cal4-sun-3',533,,778,34,,,0,83,,779,34,,,0,42,,790,34,,,0,85,,793,34,,,0,85,,794,34,,,0,85,,795,34,,,0,87,,796,34,0,5 6,0,130,,797,34,0,5 6,0,84,,798,34,,,0,86,,799,34,,,0,44,,780,34,,,0,86,,781,34,,,0,85,,782,34,,,0,86,,783,34,,,0,45,,784,34,,,0,85,,785,34,,,0,80,,786,34,0,5 6,0,47,,787,34,0,5 6,0,155,,788,34,,,0,130,,789,34,,,0,170,,791,34,,,0,120,,792,34,0,5 6,0
2132000,'cal5-sat',533,,800,34,,,0,83,,801,34,,,0,42,,812,34,,,0,85,,823,34,,,0,85,,824,34,,,0,85,,825,34,,,0,87,,826,34,0,5 6,0,130,,828,34,0,5 6,0,19,,829,34,,,0,65,,802,34,,,0,86,,803,34,,,0,14,,804,34,,,0,30,,805,34,,,0,86,,806,34,,,0,85,,807,34,,,0,16,,808,34,,,0,70,,809,34,,,0,45,,810,34,,,0,55,,811,34,,,0,30,,813,34,,,0,80,,814,34,0,5 6,0,47,,815,34,,,0,155,,816,34,,,0,45,,817,34,,,0,85,,818,34,,,0,85,,819,34,0,5 6,0,85,,820,34,,,0,120,,821,34,,,0,120,,822,34,0,5 6,0
2132000,'cal6-sun',533,,830,34,,,0,83,,831,34,,,0,42,,842,34,,,0,85,,850,34,,,0,85,,851,34,,,0,85,,852,34,,,0,87,,853,34,0,5 6,0,130,,855,34,0,5 6,0,19,,856,34,,,0,65,,832,34,,,0,86,,833,34,,,0,14,,834,34,,,0,30,,835,34,,,0,86,,836,34,,,0,85,,837,34,,,0,16,,838,34,,,0,70,,839,34,,,0,45,,840,34,,,0,55,,841,34,,,0,30,,843,34,,,0,80,,844,34,0,5 6,0,47,,845,34,,,0,155,,846,34,,,0,130,,847,34,,,0,170,,848,34,,,0,120,,849,34,0,5 6,0
2132000,'cal7-sat',533,,857,34,,,0,83,,858,34,,,0,42,,869,34,,,0,85,,880,34,,,0,85,,883,34,,,0,85,,884,34,,,0,87,,885,34,0,5 6,0,130,,887,34,0,5 6,0,19,,888,34,,,0,65,,859,34,,,0,86,,860,34,,,0,14,,861,34,,,0,30,,862,34,,,0,86,,863,34,,,0,85,,864,34,,,0,16,,865,34,,,0,70,,866,34,,,0,45,,867,34,,,0,55,,868,34,,,0,30,,870,34,,,0,80,,871,34,0,5 6,0,18,,872,34,,,0,29,,873,34,,,0,91,,874,34,,,0,64,,875,34,,,0,45,,876,34,,,0,85,,877,34,,,0,85,,878,34,0,5 6,0,85,,879,34,,,0,120,,881,34,,,0,120,,882,34,0,5 6,0
2132000,'cal8-sun',533,,889,34,,,0,83,,890,34,,,0,42,,901,34,,,0,85,,912,34,,,0,85,,914,34,,,0,85,,915,34,,,0,87,,916,34,0,5 6,0,130,,918,34,0,5 6,0,19,,919,34,,,0,65,,891,34,,,0,86,,892,34,,,0,14,,893,34,,,0,30,,894,34,,,0,86,,895,34,,,0,85,,896,34,,,0,16,,897,34,,,0,70,,898,34,,,0,45,,899,34,,,0,55,,900,34,,,0,30,,902,34,,,0,80,,903,34,0,5 6,0,18,,904,34,,,0,29,,905,34,,,0,91,,906,34,,,0,64,,907,34,,,0,45,,908,34,,,0,85,,909,34,,,0,85,,910,34,0,5 6,0,85,,911,34,,,0,120,,913,34,0,5 6,0
2132000,'cal9-mon',528,,920,34,,,0,83,,921,34,,,0,42,,932,34,,,0,85,,939,34,,,0,90,,940,34,,,0,90,,941,34,,,0,92,,942,34,,,0,124,,943,34,,,0,91,,945,34,,,0,89,,922,34,,,0,15,,923,34,,,0,75,,924,34,,,0,51,,925,34,,,0,76,,926,34,,,0,15,,927,34,,,0,90,,928,34,,,0,70,,929,34,,,0,20,,930,34,,,0,85,,931,34,,,0,127,,933,34,,,0,165,,934,34,,,0,125,,935,34,,,0,125,,937,34,0,5 6,0,160,,938,34,0,5 6,0
