2132000,'cal1-mon-tue-wed-thu-1',630,,626,6,,,0,85,,627,6,,,0,90,,628,6,,,0,50,,629,6,,,0,90,,630,6,,,0,165,,631,6,,,0,90,,632,6,,,0,50,,633,6,,,0,90,,616,6,,,0,90,,617,6,,,0,90,,618,6,,,0,90,,619,6,,,0,90,,620,6,,,0,45,,621,6,,,0,170,,622,6,,,0,125,,623,6,,,0,165,,624,6,,,0,125,,625,6,0,5 6,0
2132000,'cal10-fri-1',630,,646,6,,,0,85,,648,6,,,0,90,,649,6,,,0,50,,650,6,,,0,90,,651,6,,,0,165,,652,6,,,0,90,,653,6,,,0,50,,654,6,,,0,90,,636,6,,,0,90,,637,6,,,0,90,,638,6,,,0,90,,639,6,,,0,90,,640,6,,,0,45,,641,6,,,0,170,,642,6,,,0,125,,643,6,,,0,165,,644,6,,,0,125,,645,6,,,0,120,,647,6,0,5 6,0
2132000,'cal11-sat-1',635,,667,6,,,0,85,,671,6,,,0,85,,672,6,,,0,45,,673,6,,,0,85,,674,6,0,5 6,0,170,,675,6,0,5 6,0,45,,676,6,,,0,85,,677,6,,,0,85,,657,6,,,0,85,,658,6,,,0,45,,659,6,,,0,85,,660,6,,,0,85,,661,6,,,0,85,,662,6,,,0,40,,663,6,0,5 6,0,90,,664,6,0,5 6,0,115,,665,6,,,0,170,,666,6,,,0,130,,668,6,,,0,160,,669,6,,,0,120,,670,6,0,5 6,0
2132000,'cal12-fri',630,,690,6,,,0,85,,696,6,,,0,90,,697,6,,,0,50,,698,6,,,0,90,,699,6,,,0,165,,700,6,,,0,90,,701,6,,,0,50,,702,6,,,0,90,,680,6,,,0,90,,681,6,,,0,90,,682,6,,,0,90,,683,6,,,0,90,,684,6,,,0,45,,685,6,,,0,170,,686,6,,,0,35,,687,6,,,0,90,,688,6,,,0,80,,689,6,,,0,85,,691,6,,,0,45,,692,6,,,0,80,,693,6,,,0,80,,694,6,,,0,40,,695,6,0,5 6,0
2132000,'cal13-sat',635,,715,6,,,0,85,,723,6,,,0,85,,724,6,,,0,45,,725,6,,,0,85,,726,6,0,5 6,0,170,,727,6,0,5 6,0,45,,728,6,,,0,85,,729,6,,,0,85,,705,6,,,0,85,,706,6,,,0,45,,707,6,,,0,85,,708,6,,,0,85,,709,6,,,0,85,,710,6,,,0,40,,711,6,0,5 6,0,90,,712,6,0,5 6,0,115,,713,6,,,0,85,,714,6,,,0,85,,716,6,,,0,85,,717,6,,,0,45,,718,6,,,0,75,,719,6,,,0,85,,720,6,,,0,40,,721,6,0,5 6,0,80,,722,6,0,5 6,0
2132000,'cal2-fri',630,,742,6,,,0,85,,746,6,,,0,90,,747,6,,,0,50,,748,6,,,0,90,,749,6,,,0,165,,750,6,,,0,90,,751,6,,,0,50,,752,6,,,0,90,,732,6,,,0,90,,733,6,,,0,90,,734,6,,,0,90,,735,6,,,0,90,,736,6,,,0,45,,737,6,,,0,170,,738,6,,,0,35,,739,6,,,0,90,,740,6,,,0,80,,741,6,,,0,85,,743,6,,,0,125,,744,6,,,0,120,,745,6,0,5 6,0
2132000,'cal3-sat',635,,765,6,,,0,85,,771,6,,,0,85,,772,6,,,0,45,,773,6,,,0,85,,774,6,0,5 6,0,170,,775,6,0,5 6,0,45,,776,6,,,0,85,,777,6,,,0,85,,755,6,,,0,85,,756,6,,,0,45,,757,6,,,0,85,,758,6,,,0,85,,759,6,,,0,85,,760,6,,,0,40,,761,6,0,5 6,0,90,,762,6,,,0,115,,763,6,,,0,85,,764,6,,,0,85,,766,6,,,0,85,,767,6,0,5 6,0,45,,768,6,,,0,160,,769,6,,,0,120,,770,6,0,5 6,0
2132000,'cal4-sun-3',635,,790,6,,,0,85,,793,6,,,0,85,,794,6,,,0,45,,795,6,,,0,85,,796,6,0,5 6,0,170,,797,6,0,5 6,0,45,,798,6,,,0,85,,799,6,,,0,85,,780,6,,,0,85,,781,6,,,0,45,,782,6,,,0,85,,783,6,,,0,85,,784,6,,,0,85,,785,6,,,0,40,,786,6,0,5 6,0,90,,787,6,0,5 6,0,115,,788,6,,,0,170,,789,6,,,0,130,,791,6,,,0,160,,792,6,0,5 6,0
2132000,'cal5-sat',635,,812,6,,,0,85,,823,6,,,0,85,,824,6,,,0,45,,825,6,,,0,85,,826,6,0,5 6,0,170,,828,6,0,5 6,0,20,,829,6,,,0,25,,802,6,,,0,85,,803,6,,,0,15,,804,6,,,0,70,,805,6,,,0,85,,806,6,,,0,45,,807,6,,,0,55,,808,6,,,0,30,,809,6,,,0,85,,810,6,,,0,15,,811,6,,,0,70,,813,6,,,0,40,,814,6,0,5 6,0,90,,815,6,,,0,115,,816,6,,,0,85,,817,6,,,0,85,,818,6,,,0,85,,819,6,0,5 6,0,45,,820,6,,,0,160,,821,6,,,0,120,,822,6,0,5 6,0
2132000,'cal6-sun',635,,842,6,,,0,85,,850,6,,,0,85,,851,6,,,0,45,,852,6,,,0,85,,853,6,0,5 6,0,170,,855,6,0,5 6,0,20,,856,6,,,0,25,,832,6,,,0,85,,833,6,,,0,15,,834,6,,,0,70,,835,6,,,0,85,,836,6,,,0,45,,837,6,,,0,55,,838,6,,,0,30,,839,6,,,0,85,,840,6,,,0,15,,841,6,,,0,70,,843,6,,,0,40,,844,6,0,5 6,0,90,,845,6,,,0,115,,846,6,,,0,170,,847,6,,,0,130,,848,6,,,0,160,,849,6,0,5 6,0
2132000,'cal7-sat',635,,869,6,,,0,85,,880,6,,,0,85,,883,6,,,0,45,,884,6,,,0,85,,885,6,0,5 6,0,170,,887,6,0,5 6,0,20,,888,6,,,0,25,,859,6,,,0,85,,860,6,,,0,15,,861,6,,,0,70,,862,6,,,0,85,,863,6,,,0,45,,864,6,,,0,55,,865,6,,,0,30,,866,6,,,0,85,,867,6,,,0,15,,868,6,,,0,70,,870,6,,,0,40,,871,6,0,5 6,0,60,,872,6,,,0,30,,873,6,,,0,91,,874,6,,,0,24,,875,6,,,0,85,,876,6,,,0,85,,877,6,,,0,85,,878,6,0,5 6,0,45,,879,6,,,0,160,,881,6,,,0,120,,882,6,0,5 6,0
2132000,'cal8-sun',635,,901,6,,,0,85,,912,6,,,0,85,,914,6,,,0,45,,915,6,,,0,85,,916,6,0,5 6,0,170,,918,6,0,5 6,0,20,,919,6,,,0,25,,891,6,,,0,85,,892,6,,,0,15,,893,6,,,0,70,,894,6,,,0,85,,895,6,,,0,45,,896,6,,,0,55,,897,6,,,0,30,,898,6,,,0,85,,899,6,,,0,15,,900,6,,,0,70,,902,6,,,0,40,,903,6,0,5 6,0,60,,904,6,,,0,30,,905,6,,,0,91,,906,6,,,0,24,,907,6,,,0,85,,908,6,,,0,85,,909,6,,,0,85,,910,6,0,5 6,0,45,,911,6,,,0,160,,913,6,0,5 6,0
2132000,'cal9-mon',630,,932,6,,,0,85,,939,6,,,0,90,,940,6,,,0,50,,941,6,,,0,90,,942,6,,,0,165,,943,6,,,0,90,,945,6,,,0,50,,922,6,,,0,55,,923,6,,,0,35,,924,6,,,0,90,,925,6,,,0,75,,926,6,,,0,15,,927,6,,,0,90,,928,6,,,0,30,,929,6,,,0,60,,930,6,,,0,45,,931,6,,,0,170,,933,6,,,0,125,,934,6,,,0,165,,935,6,,,0,125,,937,6,0,5 6,0,120,,938,6,0,5 6,0
