2132000,'cal1-mon-tue-wed-thu-1',546,,614,52,,,0,83,,615,52,,,0,82,,626,52,,,0,94,,627,52,,,0,50,,628,52,,,0,88,,629,52,,,0,93,,630,52,,,0,123,,631,52,,,0,92,,632,52,,,0,88,,633,52,,,0,90,,616,52,,,0,92,,617,52,,,0,92,,618,52,,,0,90,,619,52,,,0,49,,620,52,,,0,76,,621,52,4,,0,127,,622,52,,,0,165,,623,52,,,0,125,,624,52,,,0,165,,625,52,4,,0
2132000,'cal10-fri-1',546,,634,52,,,0,83,,635,52,,,0,82,,646,52,,,0,94,,648,52,,,0,50,,649,52,,,0,88,,650,52,,,0,93,,651,52,,,0,123,,652,52,,,0,92,,653,52,,,0,88,,654,52,,,0,90,,636,52,,,0,92,,637,52,,,0,92,,638,52,,,0,90,,639,52,,,0,49,,640,52,,,0,76,,641,52,4,,0,127,,642,52,,,0,165,,643,52,,,0,125,,644,52,,,0,165,,645,52,,,0,120,,647,52,4,,0
2132000,'cal11-sat-1',551,,655,52,,,0,83,,656,52,,,0,82,,667,52,,,0,85,,671,52,,,0,45,,672,52,,,0,85,,673,52,,,0,88,,674,52,0,5 6,0,129,,675,52,0,5 6,0,84,,676,52,,,0,86,,677,52,,,0,84,,657,52,,,0,46,,658,52,,,0,87,,659,52,,,0,84,,660,52,,,0,85,,661,52,,,0,45,,662,52,,,0,79,,663,52,0,5 6,0,87,,664,52,4,,0,115,,665,52,,,0,170,,666,52,,,0,130,,668,52,,,0,120,,669,52,,,0,160,,670,52,4,,0
2132000,'cal12-fri',546,,678,52,,,0,83,,679,52,,,0,82,,690,52,,,0,94,,696,52,,,0,50,,697,52,,,0,88,,698,52,,,0,93,,699,52,,,0,123,,700,52,,,0,92,,701,52,,,0,88,,702,52,,,0,90,,680,52,,,0,92,,681,52,,,0,92,,682,52,,,0,90,,683,52,,,0,49,,684,52,,,0,76,,685,52,,,0,127,,686,52,,,0,75,,687,52,,,0,90,,688,52,,,0,80,,689,52,,,0,45,,691,52,,,0,85,,692,52,,,0,80,,693,52,,,0,40,,694,52,4,,0,80,,695,52,4,,0
2132000,'cal13-sat',551,,703,52,,,0,83,,704,52,,,0,82,,715,52,,,0,85,,723,52,,,0,45,,724,52,,,0,85,,725,52,,,0,88,,726,52,0,5 6,0,129,,727,52,0,5 6,0,84,,728,52,,,0,86,,729,52,,,0,84,,705,52,,,0,46,,706,52,,,0,87,,707,52,,,0,84,,708,52,,,0,85,,709,52,,,0,45,,710,52,,,0,79,,711,52,0,5 6,0,87,,712,52,0,5 6,0,115,,713,52,,,0,85,,714,52,,,0,85,,716,52,,,0,45,,717,52,,,0,85,,718,52,,,0,75,,719,52,,,0,45,,720,52,,,0,80,,721,52,4,,0,80,,722,52,4,,0
2132000,'cal2-fri',546,,730,52,,,0,83,,731,52,,,0,82,,742,52,,,0,94,,746,52,,,0,50,,747,52,,,0,88,,748,52,,,0,93,,749,52,,,0,123,,750,52,,,0,92,,751,52,,,0,88,,752,52,,,0,90,,732,52,,,0,92,,733,52,,,0,92,,734,52,,,0,90,,735,52,,,0,49,,736,52,,,0,76,,737,52,,,0,127,,738,52,,,0,75,,739,52,,,0,90,,740,52,,,0,80,,741,52,4,,0,45,,743,52,,,0,165,,744,52,,,0,120,,745,52,4,,0
2132000,'cal3-sat',551,,753,52,,,0,83,,754,52,,,0,82,,765,52,,,0,85,,771,52,,,0,45,,772,52,,,0,85,,773,52,,,0,88,,774,52,0,5 6,0,129,,775,52,0,5 6,0,84,,776,52,,,0,86,,777,52,,,0,84,,755,52,,,0,46,,756,52,,,0,87,,757,52,,,0,84,,758,52,,,0,85,,759,52,,,0,45,,760,52,,,0,79,,761,52,0,5 6,0,87,,762,52,,,0,115,,763,52,,,0,85,,764,52,,,0,85,,766,52,,,0,45,,767,52,4,,0,85,,768,52,,,0,120,,769,52,,,0,160,,770,52,4,,0
2132000,'cal4-sun-3',551,,778,52,,,0,83,,779,52,,,0,82,,790,52,,,0,85,,793,52,,,0,45,,794,52,,,0,85,,795,52,,,0,88,,796,52,0,5 6,0,129,,797,52,0,5 6,0,84,,798,52,,,0,86,,799,52,,,0,84,,780,52,,,0,46,,781,52,,,0,87,,782,52,,,0,84,,783,52,,,0,85,,784,52,,,0,45,,785,52,,,0,79,,786,52,0,5 6,0,87,,787,52,4,,0,115,,788,52,,,0,170,,789,52,,,0,130,,791,52,,,0,120,,792,52,4,,0
2132000,'cal5-sat',551,,800,52,,,0,83,,801,52,,,0,82,,812,52,,,0,85,,823,52,,,0,45,,824,52,,,0,85,,825,52,,,0,88,,826,52,0,5 6,0,24,,827,52,,,0,105,,828,52,0,5 6,0,59,,829,52,,,0,25,,802,52,,,0,86,,803,52,,,0,14,,804,52,,,0,70,,805,52,,,0,46,,806,52,,,0,87,,807,52,,,0,15,,808,52,,,0,69,,809,52,,,0,85,,810,52,,,0,15,,811,52,,,0,30,,813,52,,,0,79,,814,52,0,5 6,0,87,,815,52,,,0,115,,816,52,,,0,85,,817,52,,,0,85,,818,52,,,0,45,,819,52,4,,0,85,,820,52,,,0,120,,821,52,,,0,160,,822,52,4,,0
2132000,'cal6-sun',551,,830,52,,,0,83,,831,52,,,0,82,,842,52,,,0,85,,850,52,,,0,45,,851,52,,,0,85,,852,52,,,0,88,,853,52,0,5 6,0,24,,854,52,,,0,105,,855,52,0,5 6,0,59,,856,52,,,0,25,,832,52,,,0,86,,833,52,,,0,14,,834,52,,,0,70,,835,52,,,0,46,,836,52,,,0,87,,837,52,,,0,15,,838,52,,,0,69,,839,52,,,0,85,,840,52,,,0,15,,841,52,,,0,30,,843,52,,,0,79,,844,52,0,5 6,0,87,,845,52,4,,0,115,,846,52,,,0,170,,847,52,,,0,130,,848,52,,,0,120,,849,52,4,,0
2132000,'cal7-sat',551,,857,52,,,0,83,,858,52,,,0,82,,869,52,,,0,85,,880,52,,,0,45,,883,52,,,0,85,,884,52,,,0,88,,885,52,0,5 6,0,24,,886,52,,,0,105,,887,52,0,5 6,0,59,,888,52,,,0,25,,859,52,,,0,86,,860,52,,,0,14,,861,52,,,0,70,,862,52,,,0,46,,863,52,,,0,87,,864,52,,,0,15,,865,52,,,0,69,,866,52,,,0,85,,867,52,,,0,15,,868,52,,,0,30,,870,52,,,0,79,,871,52,0,5 6,0,18,,872,52,,,0,69,,873,52,,,0,115,,875,52,,,0,85,,876,52,,,0,85,,877,52,,,0,45,,878,52,4,,0,85,,879,52,,,0,120,,881,52,,,0,160,,882,52,4,,0
2132000,'cal8-sun',551,,889,52,,,0,83,,890,52,,,0,82,,901,52,,,0,85,,912,52,,,0,45,,914,52,,,0,85,,915,52,,,0,88,,916,52,0,5 6,0,24,,917,52,,,0,105,,918,52,0,5 6,0,59,,919,52,,,0,25,,891,52,,,0,86,,892,52,,,0,14,,893,52,,,0,70,,894,52,,,0,46,,895,52,,,0,87,,896,52,,,0,15,,897,52,,,0,69,,898,52,,,0,85,,899,52,,,0,15,,900,52,,,0,30,,902,52,,,0,79,,903,52,0,5 6,0,18,,904,52,,,0,69,,905,52,,,0,115,,907,52,,,0,85,,908,52,,,0,85,,909,52,,,0,45,,910,52,4,,0,85,,911,52,,,0,120,,913,52,4,,0
2132000,'cal9-mon',546,,920,52,,,0,83,,921,52,,,0,82,,932,52,,,0,94,,939,52,,,0,50,,940,52,,,0,88,,941,52,,,0,93,,942,52,,,0,123,,943,52,,,0,61,,944,52,,,0,31,,945,52,,,0,88,,922,52,,,0,15,,923,52,,,0,75,,924,52,,,0,92,,925,52,,,0,37,,926,52,,,0,55,,927,52,,,0,90,,928,52,,,0,29,,929,52,,,0,20,,930,52,,,0,76,,931,52,4,,0,127,,933,52,,,0,165,,934,52,,,0,125,,935,52,,,0,165,,937,52,4,,0,120,,938,52,4,,0
