2132000,'cal1-mon-tue-wed-thu-1',558,,614,63,,,0,83,,615,63,,,0,82,,626,63,,,0,94,,627,63,,,0,90,,628,63,,,0,48,,629,63,,,0,93,,630,63,,,0,163,,631,63,,,0,92,,632,63,,,0,48,,633,63,,,0,90,,616,63,,,0,92,,617,63,,,0,92,,618,63,,,0,90,,619,63,,,0,89,,620,63,,,0,202,,622,63,,,0,125,,623,63,,,0,123,,624,63,,,0
2132000,'cal10-fri-1',558,,634,63,,,0,83,,635,63,,,0,82,,646,63,,,0,94,,648,63,,,0,90,,649,63,,,0,48,,650,63,,,0,93,,651,63,,,0,163,,652,63,,,0,92,,653,63,,,0,48,,654,63,,,0,90,,636,63,,,0,92,,637,63,,,0,92,,638,63,,,0,90,,639,63,,,0,89,,640,63,,,0,202,,642,63,,,0,125,,643,63,,,0,123,,644,63,,,0,165,,645,63,,,0
2132000,'cal11-sat-1',603,,655,63,,,0,43,,656,63,,,0,82,,667,63,,,0,85,,671,63,,,0,45,,672,63,,,0,85,,673,63,,,0,88,,674,63,0,5 6,0,169,,675,63,0,5 6,0,44,,676,63,,,0,86,,677,63,,,0,84,,657,63,,,0,86,,658,63,,,0,47,,659,63,,,0,84,,660,63,,,0,85,,661,63,,,0,85,,662,63,,,0,38,,663,63,0,5 6,0,202,,665,63,,,0,170,,666,63,,,0,128,,668,63,,,0,120,,669,63,,,0
2132000,'cal12-fri',558,,678,63,,,0,83,,679,63,,,0,82,,690,63,,,0,94,,696,63,,,0,90,,697,63,,,0,48,,698,63,,,0,93,,699,63,,,0,163,,700,63,,,0,92,,701,63,,,0,48,,702,63,,,0,90,,680,63,,,0,92,,681,63,,,0,92,,682,63,,,0,90,,683,63,,,0,89,,684,63,,,0,35,,685,63,,,0,167,,686,63,,,0,35,,687,63,,,0,90,,688,63,,,0,80,,689,63,,,0,43,,691,63,,,0,85,,692,63,,,0,80,,693,63,,,0
2132000,'cal13-sat',603,,703,63,,,0,43,,704,63,,,0,82,,715,63,,,0,85,,723,63,,,0,45,,724,63,,,0,85,,725,63,,,0,88,,726,63,0,5 6,0,169,,727,63,0,5 6,0,44,,728,63,,,0,86,,729,63,,,0,84,,705,63,,,0,86,,706,63,,,0,47,,707,63,,,0,84,,708,63,,,0,85,,709,63,,,0,85,,710,63,,,0,38,,711,63,0,5 6,0,87,,712,63,0,5 6,0,115,,713,63,,,0,85,,714,63,,,0,85,,716,63,,,0,45,,717,63,,,0,83,,718,63,,,0,75,,719,63,,,0,45,,720,63,,,0
2132000,'cal2-fri',558,,730,63,,,0,83,,731,63,,,0,82,,742,63,,,0,94,,746,63,,,0,90,,747,63,,,0,48,,748,63,,,0,93,,749,63,,,0,163,,750,63,,,0,92,,751,63,,,0,48,,752,63,,,0,90,,732,63,,,0,92,,733,63,,,0,92,,734,63,,,0,90,,735,63,,,0,89,,736,63,,,0,35,,737,63,,,0,167,,738,63,,,0,35,,739,63,,,0,90,,740,63,,,0,123,,743,63,,,0,165,,744,63,,,0
2132000,'cal3-sat',603,,753,63,,,0,43,,754,63,,,0,82,,765,63,,,0,85,,771,63,,,0,45,,772,63,,,0,85,,773,63,,,0,88,,774,63,0,5 6,0,169,,775,63,0,5 6,0,44,,776,63,,,0,86,,777,63,,,0,84,,755,63,,,0,86,,756,63,,,0,47,,757,63,,,0,84,,758,63,,,0,85,,759,63,,,0,85,,760,63,,,0,38,,761,63,0,5 6,0,87,,762,63,,,0,115,,763,63,,,0,85,,764,63,,,0,85,,766,63,,,0,128,,768,63,,,0,120,,769,63,,,0
2132000,'cal4-sun-3',603,,778,63,,,0,43,,779,63,,,0,82,,790,63,,,0,85,,793,63,,,0,45,,794,63,,,0,85,,795,63,,,0,88,,796,63,0,5 6,0,169,,797,63,0,5 6,0,44,,798,63,,,0,86,,799,63,,,0,84,,780,63,,,0,86,,781,63,,,0,47,,782,63,,,0,84,,783,63,,,0,85,,784,63,,,0,85,,785,63,,,0,38,,786,63,0,5 6,0,202,,788,63,,,0,170,,789,63,,,0,128,,791,63,,,0
2132000,'cal5-sat',603,,800,63,,,0,43,,801,63,,,0,82,,812,63,,,0,85,,823,63,,,0,45,,824,63,,,0,85,,825,63,,,0,88,,826,63,0,5 6,0,24,,827,63,,,0,145,,828,63,0,5 6,0,19,,829,63,,,0,25,,802,63,,,0,86,,803,63,,,0,14,,804,63,,,0,70,,805,63,,,0,86,,806,63,,,0,47,,807,63,,,0,55,,808,63,,,0,29,,809,63,,,0,85,,810,63,,,0,15,,811,63,,,0,70,,813,63,,,0,38,,814,63,0,5 6,0,87,,815,63,,,0,115,,816,63,,,0,85,,817,63,,,0,85,,818,63,,,0,128,,820,63,,,0,120,,821,63,,,0
2132000,'cal6-sun',603,,830,63,,,0,43,,831,63,,,0,82,,842,63,,,0,85,,850,63,,,0,45,,851,63,,,0,85,,852,63,,,0,88,,853,63,0,5 6,0,24,,854,63,,,0,145,,855,63,0,5 6,0,19,,856,63,,,0,25,,832,63,,,0,86,,833,63,,,0,14,,834,63,,,0,70,,835,63,,,0,86,,836,63,,,0,47,,837,63,,,0,55,,838,63,,,0,29,,839,63,,,0,85,,840,63,,,0,15,,841,63,,,0,70,,843,63,,,0,38,,844,63,0,5 6,0,202,,846,63,,,0,170,,847,63,,,0,128,,848,63,,,0
2132000,'cal7-sat',603,,857,63,,,0,43,,858,63,,,0,82,,869,63,,,0,85,,880,63,,,0,45,,883,63,,,0,85,,884,63,,,0,88,,885,63,0,5 6,0,24,,886,63,,,0,145,,887,63,0,5 6,0,19,,888,63,,,0,25,,859,63,,,0,86,,860,63,,,0,14,,861,63,,,0,70,,862,63,,,0,86,,863,63,,,0,47,,864,63,,,0,55,,865,63,,,0,29,,866,63,,,0,85,,867,63,,,0,15,,868,63,,,0,70,,870,63,,,0,38,,871,63,0,5 6,0,18,,872,63,,,0,69,,873,63,,,0,115,,875,63,,,0,85,,876,63,,,0,85,,877,63,,,0,128,,879,63,,,0,120,,881,63,,,0
2132000,'cal8-sun',603,,889,63,,,0,43,,890,63,,,0,82,,901,63,,,0,85,,912,63,,,0,45,,914,63,,,0,85,,915,63,,,0,88,,916,63,0,5 6,0,24,,917,63,,,0,145,,918,63,0,5 6,0,19,,919,63,,,0,25,,891,63,,,0,86,,892,63,,,0,14,,893,63,,,0,70,,894,63,,,0,86,,895,63,,,0,47,,896,63,,,0,55,,897,63,,,0,29,,898,63,,,0,85,,899,63,,,0,15,,900,63,,,0,70,,902,63,,,0,38,,903,63,0,5 6,0,18,,904,63,,,0,69,,905,63,,,0,115,,907,63,,,0,85,,908,63,,,0,85,,909,63,,,0,128,,911,63,,,0
2132000,'cal9-mon',558,,920,63,,,0,83,,921,63,,,0,82,,932,63,,,0,94,,939,63,,,0,90,,940,63,,,0,48,,941,63,,,0,93,,942,63,,,0,163,,943,63,,,0,21,,944,63,,,0,71,,945,63,,,0,48,,922,63,,,0,55,,923,63,,,0,35,,924,63,,,0,92,,925,63,,,0,77,,926,63,,,0,15,,927,63,,,0,90,,928,63,,,0,29,,929,63,,,0,60,,930,63,,,0,202,,933,63,,,0,125,,934,63,,,0,123,,935,63,,,0,165,,936,63,,,0
