2132000,'cal1-mon-tue-wed-thu-1',610,,614,75,,,0,43,,615,75,,,0,82,,626,75,,,0,94,,627,75,,,0,90,,628,75,,,0,88,,629,75,,,0,93,,630,75,,,0,122,,631,75,,,0,92,,632,75,,,0,88,,633,75,,,0,50,,616,75,,,0,92,,617,75,,,0,92,,618,75,,,0,90,,619,75,,,0,89,,620,75,,,0,202,,622,75,,,0,125,,623,75,,,0,163,,624,75,,,0
2132000,'cal10-fri-1',610,,634,75,,,0,43,,635,75,,,0,82,,646,75,,,0,94,,648,75,,,0,90,,649,75,,,0,88,,650,75,,,0,93,,651,75,,,0,122,,652,75,,,0,92,,653,75,,,0,88,,654,75,,,0,50,,636,75,,,0,92,,637,75,,,0,92,,638,75,,,0,90,,639,75,,,0,89,,640,75,,,0,202,,642,75,,,0,125,,643,75,,,0,163,,644,75,,,0,125,,645,75,,,0
2132000,'cal11-sat-1',615,,655,75,,,0,43,,656,75,,,0,82,,667,75,,,0,85,,671,75,,,0,85,,672,75,,,0,45,,673,75,,,0,88,,674,75,0,5 6,0,168,,675,75,0,5 6,0,44,,676,75,,,0,86,,677,75,,,0,84,,657,75,,,0,86,,658,75,,,0,47,,659,75,,,0,84,,660,75,,,0,85,,661,75,,,0,85,,662,75,,,0,38,,663,75,0,5 6,0,202,,665,75,,,0,170,,666,75,,,0,128,,668,75,,,0,160,,669,75,,,0
2132000,'cal12-fri',610,,678,75,,,0,43,,679,75,,,0,82,,690,75,,,0,94,,696,75,,,0,90,,697,75,,,0,88,,698,75,,,0,93,,699,75,,,0,122,,700,75,,,0,92,,701,75,,,0,88,,702,75,,,0,50,,680,75,,,0,92,,681,75,,,0,92,,682,75,,,0,90,,683,75,,,0,89,,684,75,,,0,35,,685,75,,,0,167,,686,75,,,0,35,,687,75,,,0,90,,688,75,,,0,80,,689,75,,,0,83,,691,75,,,0,45,,692,75,,,0,80,,693,75,,,0
2132000,'cal13-sat',615,,703,75,,,0,43,,704,75,,,0,82,,715,75,,,0,85,,723,75,,,0,85,,724,75,,,0,45,,725,75,,,0,88,,726,75,0,5 6,0,168,,727,75,0,5 6,0,44,,728,75,,,0,86,,729,75,,,0,84,,705,75,,,0,86,,706,75,,,0,47,,707,75,,,0,84,,708,75,,,0,85,,709,75,,,0,85,,710,75,,,0,38,,711,75,0,5 6,0,87,,712,75,0,5 6,0,115,,713,75,,,0,85,,714,75,,,0,85,,716,75,,,0,85,,717,75,,,0,43,,718,75,,,0,75,,719,75,,,0,85,,720,75,,,0
2132000,'cal2-fri',610,,730,75,,,0,43,,731,75,,,0,82,,742,75,,,0,94,,746,75,,,0,90,,747,75,,,0,88,,748,75,,,0,93,,749,75,,,0,122,,750,75,,,0,92,,751,75,,,0,88,,752,75,,,0,50,,732,75,,,0,92,,733,75,,,0,92,,734,75,,,0,90,,735,75,,,0,89,,736,75,,,0,35,,737,75,,,0,167,,738,75,,,0,35,,739,75,,,0,90,,740,75,,,0,163,,743,75,,,0,125,,744,75,,,0
2132000,'cal3-sat',615,,753,75,,,0,43,,754,75,,,0,82,,765,75,,,0,85,,771,75,,,0,85,,772,75,,,0,45,,773,75,,,0,88,,774,75,0,5 6,0,168,,775,75,0,5 6,0,44,,776,75,,,0,86,,777,75,,,0,84,,755,75,,,0,86,,756,75,,,0,47,,757,75,,,0,84,,758,75,,,0,85,,759,75,,,0,85,,760,75,,,0,38,,761,75,0,5 6,0,87,,762,75,,,0,115,,763,75,,,0,85,,764,75,,,0,85,,766,75,,,0,128,,768,75,,,0,160,,769,75,,,0
2132000,'cal4-sun-3',615,,778,75,,,0,43,,779,75,,,0,82,,790,75,,,0,85,,793,75,,,0,85,,794,75,,,0,45,,795,75,,,0,88,,796,75,0,5 6,0,168,,797,75,0,5 6,0,44,,798,75,,,0,86,,799,75,,,0,84,,780,75,,,0,86,,781,75,,,0,47,,782,75,,,0,84,,783,75,,,0,85,,784,75,,,0,85,,785,75,,,0,38,,786,75,0,5 6,0,202,,788,75,,,0,170,,789,75,,,0,128,,791,75,,,0
2132000,'cal5-sat',615,,800,75,,,0,43,,801,75,,,0,82,,812,75,,,0,85,,823,75,,,0,85,,824,75,,,0,45,,825,75,,,0,88,,826,75,0,5 6,0,64,,827,75,,,0,104,,828,75,0,5 6,0,19,,829,75,,,0,25,,802,75,,,0,86,,803,75,,,0,14,,804,75,,,0,70,,805,75,,,0,86,,806,75,,,0,47,,807,75,,,0,55,,808,75,,,0,29,,809,75,,,0,85,,810,75,,,0,15,,811,75,,,0,70,,813,75,,,0,38,,814,75,0,5 6,0,87,,815,75,,,0,115,,816,75,,,0,85,,817,75,,,0,85,,818,75,,,0,128,,820,75,,,0,160,,821,75,,,0
2132000,'cal6-sun',615,,830,75,,,0,43,,831,75,,,0,82,,842,75,,,0,85,,850,75,,,0,85,,851,75,,,0,45,,852,75,,,0,88,,853,75,0,5 6,0,64,,854,75,,,0,104,,855,75,0,5 6,0,19,,856,75,,,0,25,,832,75,,,0,86,,833,75,,,0,14,,834,75,,,0,70,,835,75,,,0,86,,836,75,,,0,47,,837,75,,,0,55,,838,75,,,0,29,,839,75,,,0,85,,840,75,,,0,15,,841,75,,,0,70,,843,75,,,0,38,,844,75,0,5 6,0,202,,846,75,,,0,170,,847,75,,,0,128,,848,75,,,0
2132000,'cal7-sat',615,,857,75,,,0,43,,858,75,,,0,82,,869,75,,,0,85,,880,75,,,0,85,,883,75,,,0,45,,884,75,,,0,88,,885,75,0,5 6,0,64,,886,75,,,0,104,,887,75,0,5 6,0,19,,888,75,,,0,25,,859,75,,,0,86,,860,75,,,0,14,,861,75,,,0,70,,862,75,,,0,86,,863,75,,,0,47,,864,75,,,0,55,,865,75,,,0,29,,866,75,,,0,85,,867,75,,,0,15,,868,75,,,0,70,,870,75,,,0,38,,871,75,0,5 6,0,58,,872,75,,,0,29,,873,75,,,0,115,,875,75,,,0,85,,876,75,,,0,85,,877,75,,,0,128,,879,75,,,0,160,,881,75,,,0
2132000,'cal8-sun',615,,889,75,,,0,43,,890,75,,,0,82,,901,75,,,0,85,,912,75,,,0,85,,914,75,,,0,45,,915,75,,,0,88,,916,75,0,5 6,0,64,,917,75,,,0,104,,918,75,0,5 6,0,19,,919,75,,,0,25,,891,75,,,0,86,,892,75,,,0,14,,893,75,,,0,70,,894,75,,,0,86,,895,75,,,0,47,,896,75,,,0,55,,897,75,,,0,29,,898,75,,,0,85,,899,75,,,0,15,,900,75,,,0,70,,902,75,,,0,38,,903,75,0,5 6,0,58,,904,75,,,0,29,,905,75,,,0,115,,907,75,,,0,85,,908,75,,,0,85,,909,75,,,0,128,,911,75,,,0
2132000,'cal9-mon',610,,920,75,,,0,43,,921,75,,,0,82,,932,75,,,0,94,,939,75,,,0,90,,940,75,,,0,88,,941,75,,,0,93,,942,75,,,0,122,,943,75,,,0,21,,944,75,,,0,71,,945,75,,,0,88,,922,75,,,0,15,,923,75,,,0,35,,924,75,,,0,92,,925,75,,,0,77,,926,75,,,0,15,,927,75,,,0,90,,928,75,,,0,29,,929,75,,,0,60,,930,75,,,0,202,,933,75,,,0,125,,934,75,,,0,163,,935,75,,,0,125,,936,75,,,0
