2132000,2080365222,1,0,0
2132000,1492430424,2,0,0
2132000,2097007804,3,0,0
2132000,313850441,4,0,0
2132000,1397266780,5,0,0
2132000,2067923570,6,0,0
2132000,394837077,7,0,0
2132000,88508613,8,0,0
2132000,1281484430,9,0,0
2132000,83469283,10,0,0
2132000,84233503,11,0,0
2132000,212385008,12,0,0
2132000,1183064245,13,0,0
2132000,1299250042,14,0,0
2132000,139295678,15,0,0
2132000,500911101,16,0,0
2132000,1447842714,17,0,0
2132000,254264387,18,0,0
2132000,957650086,19,0,0
2132000,391083973,20,0,0
2132000,501834621,21,0,0
2132000,1145781174,22,0,0
2132000,2032649231,23,0,0
2132000,1842743321,24,0,0
2132000,473079267,25,0,0
2132000,1301801890,26,0,0
2132000,432025651,27,0,0
2132000,1456522668,28,0,0
2132000,1313726182,29,0,0
2132000,278882849,30,0,0
2132000,198739736,31,0,0
2132000,1522906621,32,0,0
2132000,450189315,33,0,0
2132000,1307343014,34,0,0
2132000,1242624672,35,0,0
2132000,1587174340,36,0,0
2132000,787980866,37,0,0
2132000,1441379768,38,0,0
2132000,1262942134,39,0,0
2132000,472155747,40,0,0
2132000,390160456,41,0,0
2132000,590096074,42,0,0
2132000,1897221497,43,0,0
2132000,1322047481,44,0,0
2132000,1397266781,45,0,0
2132000,474926308,46,0,0
2132000,432025650,47,0,0
2132000,1006913953,48,0,0
2132000,2067000050,49,0,0
2132000,1181172369,50,0,0
2132000,189009749,51,0,0
2132000,2003163904,52,0,0
2132000,1634162031,53,0,0
2132000,499064059,54,0,0
2132000,567350280,55,0,0
2132000,367995951,56,0,0
2132000,1486322237,57,0,0
2132000,437563194,58,0,0
2132000,1523830139,59,0,0
2132000,2032649232,60,0,0
2132000,1267721394,61,0,0
2132000,1242624671,62,0,0
2132000,2125384545,63,0,0
2132000,499987583,64,0,0
2132000,449265799,65,0,0
2132000,530067203,66,0,0
2132000,1262942133,67,0,0
2132000,2080421011,68,0,0
2132000,1163097925,69,0,0
2132000,1302725409,70,0,0
2132000,2095160764,71,0,0
2132000,1281952867,72,0,0
2132000,1142843427,73,0,0
2132000,369261703,74,0,0
2132000,2067923571,75,0,0
2132000,1145781175,76,0,0
2132000,371108745,77,0,0
2132000,1968826685,78,0,0
2132000,311079875,79,0,0
2132000,1155608521,80,0,0
2132000,313850380,81,0,0
2132000,469385185,82,0,0
2132000,1524753661,83,0,0
2132000,891580381,84,0,0
