2132000,'cal1-mon-tue-wed-thu-1',559,,614,64,,,0,83,,615,64,,,0,82,,626,64,,,0,94,,627,64,,,0,90,,628,64,,,0,48,,629,64,,,0,93,,630,64,,,0,163,,631,64,,,0,92,,632,64,,,0,48,,633,64,,,0,90,,616,64,,,0,92,,617,64,,,0,92,,618,64,,,0,90,,619,64,,,0,89,,620,64,,,0,202,,622,64,,,0,125,,623,64,,,0,123,,624,64,,,0
2132000,'cal10-fri-1',559,,634,64,,,0,83,,635,64,,,0,82,,646,64,,,0,94,,648,64,,,0,90,,649,64,,,0,48,,650,64,,,0,93,,651,64,,,0,163,,652,64,,,0,92,,653,64,,,0,48,,654,64,,,0,90,,636,64,,,0,92,,637,64,,,0,92,,638,64,,,0,90,,639,64,,,0,89,,640,64,,,0,202,,642,64,,,0,125,,643,64,,,0,123,,644,64,,,0,165,,645,64,,,0
2132000,'cal11-sat-1',604,,655,64,,,0,43,,656,64,,,0,82,,667,64,,,0,85,,671,64,,,0,45,,672,64,,,0,85,,673,64,,,0,88,,674,64,0,5 6,0,169,,675,64,0,5 6,0,44,,676,64,,,0,86,,677,64,,,0,84,,657,64,,,0,86,,658,64,,,0,47,,659,64,,,0,84,,660,64,,,0,85,,661,64,,,0,85,,662,64,,,0,38,,663,64,0,5 6,0,202,,665,64,,,0,170,,666,64,,,0,128,,668,64,,,0,160,,669,64,,,0
2132000,'cal12-fri',559,,678,64,,,0,83,,679,64,,,0,82,,690,64,,,0,94,,696,64,,,0,90,,697,64,,,0,48,,698,64,,,0,93,,699,64,,,0,163,,700,64,,,0,92,,701,64,,,0,48,,702,64,,,0,90,,680,64,,,0,92,,681,64,,,0,92,,682,64,,,0,90,,683,64,,,0,89,,684,64,,,0,35,,685,64,,,0,167,,686,64,,,0,35,,687,64,,,0,90,,688,64,,,0,80,,689,64,,,0,43,,691,64,,,0,85,,692,64,,,0,80,,693,64,,,0
2132000,'cal13-sat',604,,703,64,,,0,43,,704,64,,,0,82,,715,64,,,0,85,,723,64,,,0,45,,724,64,,,0,85,,725,64,,,0,88,,726,64,0,5 6,0,169,,727,64,0,5 6,0,44,,728,64,,,0,86,,729,64,,,0,84,,705,64,,,0,86,,706,64,,,0,47,,707,64,,,0,84,,708,64,,,0,85,,709,64,,,0,85,,710,64,,,0,38,,711,64,0,5 6,0,87,,712,64,0,5 6,0,115,,713,64,,,0,85,,714,64,,,0,85,,716,64,,,0,45,,717,64,,,0,83,,718,64,,,0,75,,719,64,,,0,85,,720,64,,,0
2132000,'cal2-fri',559,,730,64,,,0,83,,731,64,,,0,82,,742,64,,,0,94,,746,64,,,0,90,,747,64,,,0,48,,748,64,,,0,93,,749,64,,,0,163,,750,64,,,0,92,,751,64,,,0,48,,752,64,,,0,90,,732,64,,,0,92,,733,64,,,0,92,,734,64,,,0,90,,735,64,,,0,89,,736,64,,,0,35,,737,64,,,0,167,,738,64,,,0,35,,739,64,,,0,90,,740,64,,,0,123,,743,64,,,0,165,,744,64,,,0
2132000,'cal3-sat',604,,753,64,,,0,43,,754,64,,,0,82,,765,64,,,0,85,,771,64,,,0,45,,772,64,,,0,85,,773,64,,,0,88,,774,64,0,5 6,0,169,,775,64,0,5 6,0,44,,776,64,,,0,86,,777,64,,,0,84,,755,64,,,0,86,,756,64,,,0,47,,757,64,,,0,84,,758,64,,,0,85,,759,64,,,0,85,,760,64,,,0,38,,761,64,0,5 6,0,87,,762,64,,,0,115,,763,64,,,0,85,,764,64,,,0,85,,766,64,,,0,128,,768,64,,,0,160,,769,64,,,0
2132000,'cal4-sun-3',604,,778,64,,,0,43,,779,64,,,0,82,,790,64,,,0,85,,793,64,,,0,45,,794,64,,,0,85,,795,64,,,0,88,,796,64,0,5 6,0,169,,797,64,0,5 6,0,44,,798,64,,,0,86,,799,64,,,0,84,,780,64,,,0,86,,781,64,,,0,47,,782,64,,,0,84,,783,64,,,0,85,,784,64,,,0,85,,785,64,,,0,38,,786,64,0,5 6,0,202,,788,64,,,0,170,,789,64,,,0,128,,791,64,,,0
2132000,'cal5-sat',604,,800,64,,,0,43,,801,64,,,0,82,,812,64,,,0,85,,823,64,,,0,45,,824,64,,,0,85,,825,64,,,0,88,,826,64,0,5 6,0,24,,827,64,,,0,145,,828,64,0,5 6,0,19,,829,64,,,0,25,,802,64,,,0,86,,803,64,,,0,14,,804,64,,,0,70,,805,64,,,0,86,,806,64,,,0,47,,807,64,,,0,55,,808,64,,,0,29,,809,64,,,0,85,,810,64,,,0,15,,811,64,,,0,70,,813,64,,,0,38,,814,64,0,5 6,0,87,,815,64,,,0,115,,816,64,,,0,85,,817,64,,,0,85,,818,64,,,0,128,,820,64,,,0,160,,821,64,,,0
2132000,'cal6-sun',604,,830,64,,,0,43,,831,64,,,0,82,,842,64,,,0,85,,850,64,,,0,45,,851,64,,,0,85,,852,64,,,0,88,,853,64,0,5 6,0,24,,854,64,,,0,145,,855,64,0,5 6,0,19,,856,64,,,0,25,,832,64,,,0,86,,833,64,,,0,14,,834,64,,,0,70,,835,64,,,0,86,,836,64,,,0,47,,837,64,,,0,55,,838,64,,,0,29,,839,64,,,0,85,,840,64,,,0,15,,841,64,,,0,70,,843,64,,,0,38,,844,64,0,5 6,0,202,,846,64,,,0,170,,847,64,,,0,128,,848,64,,,0
2132000,'cal7-sat',604,,857,64,,,0,43,,858,64,,,0,82,,869,64,,,0,85,,880,64,,,0,45,,883,64,,,0,85,,884,64,,,0,88,,885,64,0,5 6,0,24,,886,64,,,0,145,,887,64,0,5 6,0,19,,888,64,,,0,25,,859,64,,,0,86,,860,64,,,0,14,,861,64,,,0,70,,862,64,,,0,86,,863,64,,,0,47,,864,64,,,0,55,,865,64,,,0,29,,866,64,,,0,85,,867,64,,,0,15,,868,64,,,0,70,,870,64,,,0,38,,871,64,0,5 6,0,18,,872,64,,,0,69,,873,64,,,0,115,,875,64,,,0,85,,876,64,,,0,85,,877,64,,,0,128,,879,64,,,0,160,,881,64,,,0
2132000,'cal8-sun',604,,889,64,,,0,43,,890,64,,,0,82,,901,64,,,0,85,,912,64,,,0,45,,914,64,,,0,85,,915,64,,,0,88,,916,64,0,5 6,0,24,,917,64,,,0,145,,918,64,0,5 6,0,19,,919,64,,,0,25,,891,64,,,0,86,,892,64,,,0,14,,893,64,,,0,70,,894,64,,,0,86,,895,64,,,0,47,,896,64,,,0,55,,897,64,,,0,29,,898,64,,,0,85,,899,64,,,0,15,,900,64,,,0,70,,902,64,,,0,38,,903,64,0,5 6,0,18,,904,64,,,0,69,,905,64,,,0,115,,907,64,,,0,85,,908,64,,,0,85,,909,64,,,0,128,,911,64,,,0
2132000,'cal9-mon',559,,920,64,,,0,83,,921,64,,,0,82,,932,64,,,0,94,,939,64,,,0,90,,940,64,,,0,48,,941,64,,,0,93,,942,64,,,0,163,,943,64,,,0,21,,944,64,,,0,71,,945,64,,,0,48,,922,64,,,0,55,,923,64,,,0,35,,924,64,,,0,92,,925,64,,,0,77,,926,64,,,0,15,,927,64,,,0,90,,928,64,,,0,29,,929,64,,,0,60,,930,64,,,0,202,,933,64,,,0,125,,934,64,,,0,123,,935,64,,,0,165,,936,64,,,0
