2132000,'cal1-mon-tue-wed-thu-1',636,,626,16,,,0,85,,627,16,,,0,90,,628,16,,,0,90,,629,16,,,0,50,,630,16,,,0,165,,631,16,,,0,90,,632,16,,,0,50,,633,16,,,0,90,,616,16,,,0,90,,617,16,,,0,91,,618,16,,,0,90,,619,16,,,0,90,,620,16,,,0,45,,621,16,,,0,169,,622,16,,,0,125,,623,16,,,0,165,,624,16,,,0,125,,625,16,0,5 6,0
2132000,'cal10-fri-1',636,,646,16,,,0,85,,648,16,,,0,90,,649,16,,,0,90,,650,16,,,0,50,,651,16,,,0,165,,652,16,,,0,90,,653,16,,,0,50,,654,16,,,0,90,,636,16,,,0,90,,637,16,,,0,91,,638,16,,,0,90,,639,16,,,0,90,,640,16,,,0,45,,641,16,,,0,169,,642,16,,,0,125,,643,16,,,0,165,,644,16,,,0,125,,645,16,,,0,120,,647,16,0,5 6,0
2132000,'cal11-sat-1',641,,667,16,,,0,85,,671,16,,,0,85,,672,16,,,0,45,,673,16,,,0,85,,674,16,0,5 6,0,170,,675,16,0,5 6,0,45,,676,16,,,0,85,,677,16,,,0,85,,657,16,,,0,85,,658,16,,,0,45,,659,16,,,0,86,,660,16,,,0,85,,661,16,,,0,85,,662,16,,,0,40,,663,16,0,5 6,0,89,,664,16,0,5 6,0,115,,665,16,,,0,170,,666,16,,,0,130,,668,16,,,0,160,,669,16,,,0,120,,670,16,0,5 6,0
2132000,'cal12-fri',636,,690,16,,,0,85,,696,16,,,0,90,,697,16,,,0,90,,698,16,,,0,50,,699,16,,,0,165,,700,16,,,0,90,,701,16,,,0,50,,702,16,,,0,90,,680,16,,,0,90,,681,16,,,0,91,,682,16,,,0,90,,683,16,,,0,90,,684,16,,,0,45,,685,16,,,0,169,,686,16,,,0,35,,687,16,,,0,90,,688,16,,,0,80,,689,16,,,0,85,,691,16,,,0,45,,692,16,,,0,80,,693,16,,,0,80,,694,16,,,0,40,,695,16,0,5 6,0
2132000,'cal13-sat',641,,715,16,,,0,85,,723,16,,,0,85,,724,16,,,0,45,,725,16,,,0,85,,726,16,0,5 6,0,170,,727,16,0,5 6,0,45,,728,16,,,0,85,,729,16,,,0,85,,705,16,,,0,85,,706,16,,,0,45,,707,16,,,0,86,,708,16,,,0,85,,709,16,,,0,85,,710,16,,,0,40,,711,16,0,5 6,0,89,,712,16,0,5 6,0,115,,713,16,,,0,85,,714,16,,,0,85,,716,16,,,0,85,,717,16,,,0,45,,718,16,,,0,75,,719,16,,,0,85,,720,16,,,0,40,,721,16,0,5 6,0,80,,722,16,0,5 6,0
2132000,'cal2-fri',636,,742,16,,,0,85,,746,16,,,0,90,,747,16,,,0,90,,748,16,,,0,50,,749,16,,,0,165,,750,16,,,0,90,,751,16,,,0,50,,752,16,,,0,90,,732,16,,,0,90,,733,16,,,0,91,,734,16,,,0,90,,735,16,,,0,90,,736,16,,,0,45,,737,16,,,0,169,,738,16,,,0,35,,739,16,,,0,90,,740,16,,,0,80,,741,16,,,0,85,,743,16,,,0,125,,744,16,,,0,120,,745,16,0,5 6,0
2132000,'cal3-sat',641,,765,16,,,0,85,,771,16,,,0,85,,772,16,,,0,45,,773,16,,,0,85,,774,16,0,5 6,0,170,,775,16,0,5 6,0,45,,776,16,,,0,85,,777,16,,,0,85,,755,16,,,0,85,,756,16,,,0,45,,757,16,,,0,86,,758,16,,,0,85,,759,16,,,0,85,,760,16,,,0,40,,761,16,0,5 6,0,89,,762,16,,,0,115,,763,16,,,0,85,,764,16,,,0,85,,766,16,,,0,85,,767,16,0,5 6,0,45,,768,16,,,0,160,,769,16,,,0,120,,770,16,0,5 6,0
2132000,'cal4-sun-3',641,,790,16,,,0,85,,793,16,,,0,85,,794,16,,,0,45,,795,16,,,0,85,,796,16,0,5 6,0,170,,797,16,0,5 6,0,45,,798,16,,,0,85,,799,16,,,0,85,,780,16,,,0,85,,781,16,,,0,45,,782,16,,,0,86,,783,16,,,0,85,,784,16,,,0,85,,785,16,,,0,40,,786,16,0,5 6,0,89,,787,16,0,5 6,0,115,,788,16,,,0,170,,789,16,,,0,130,,791,16,,,0,160,,792,16,0,5 6,0
2132000,'cal5-sat',641,,812,16,,,0,85,,823,16,,,0,85,,824,16,,,0,45,,825,16,,,0,85,,826,16,0,5 6,0,170,,828,16,0,5 6,0,20,,829,16,,,0,25,,802,16,,,0,85,,803,16,,,0,15,,804,16,,,0,70,,805,16,,,0,85,,806,16,,,0,45,,807,16,,,0,56,,808,16,,,0,30,,809,16,,,0,85,,810,16,,,0,15,,811,16,,,0,70,,813,16,,,0,40,,814,16,0,5 6,0,89,,815,16,,,0,115,,816,16,,,0,85,,817,16,,,0,85,,818,16,,,0,85,,819,16,0,5 6,0,45,,820,16,,,0,160,,821,16,,,0,120,,822,16,0,5 6,0
2132000,'cal6-sun',641,,842,16,,,0,85,,850,16,,,0,85,,851,16,,,0,45,,852,16,,,0,85,,853,16,0,5 6,0,170,,855,16,0,5 6,0,20,,856,16,,,0,25,,832,16,,,0,85,,833,16,,,0,15,,834,16,,,0,70,,835,16,,,0,85,,836,16,,,0,45,,837,16,,,0,56,,838,16,,,0,30,,839,16,,,0,85,,840,16,,,0,15,,841,16,,,0,70,,843,16,,,0,40,,844,16,0,5 6,0,89,,845,16,,,0,115,,846,16,,,0,170,,847,16,,,0,130,,848,16,,,0,160,,849,16,0,5 6,0
2132000,'cal7-sat',641,,869,16,,,0,85,,880,16,,,0,85,,883,16,,,0,45,,884,16,,,0,85,,885,16,0,5 6,0,170,,887,16,0,5 6,0,20,,888,16,,,0,25,,859,16,,,0,85,,860,16,,,0,15,,861,16,,,0,70,,862,16,,,0,85,,863,16,,,0,45,,864,16,,,0,56,,865,16,,,0,30,,866,16,,,0,85,,867,16,,,0,15,,868,16,,,0,70,,870,16,,,0,40,,871,16,0,5 6,0,60,,872,16,,,0,29,,873,16,,,0,91,,874,16,,,0,24,,875,16,,,0,85,,876,16,,,0,85,,877,16,,,0,85,,878,16,0,5 6,0,45,,879,16,,,0,160,,881,16,,,0,120,,882,16,0,5 6,0
2132000,'cal8-sun',641,,901,16,,,0,85,,912,16,,,0,85,,914,16,,,0,45,,915,16,,,0,85,,916,16,0,5 6,0,170,,918,16,0,5 6,0,20,,919,16,,,0,25,,891,16,,,0,85,,892,16,,,0,15,,893,16,,,0,70,,894,16,,,0,85,,895,16,,,0,45,,896,16,,,0,56,,897,16,,,0,30,,898,16,,,0,85,,899,16,,,0,15,,900,16,,,0,70,,902,16,,,0,40,,903,16,0,5 6,0,60,,904,16,,,0,29,,905,16,,,0,91,,906,16,,,0,24,,907,16,,,0,85,,908,16,,,0,85,,909,16,,,0,85,,910,16,0,5 6,0,45,,911,16,,,0,160,,913,16,0,5 6,0
2132000,'cal9-mon',636,,932,16,,,0,85,,939,16,,,0,90,,940,16,,,0,90,,941,16,,,0,50,,942,16,,,0,165,,943,16,,,0,90,,945,16,,,0,50,,922,16,,,0,55,,923,16,,,0,35,,924,16,,,0,90,,925,16,,,0,76,,926,16,,,0,15,,927,16,,,0,90,,928,16,,,0,30,,929,16,,,0,60,,930,16,,,0,45,,931,16,,,0,169,,933,16,,,0,125,,934,16,,,0,165,,935,16,,,0,125,,937,16,0,5 6,0,120,,938,16,0,5 6,0
