2132000,'cal1-mon-tue-wed-thu-1',634,,626,12,,,0,85,,627,12,,,0,90,,628,12,,,0,50,,629,12,,,0,90,,630,12,,,0,165,,631,12,,,0,90,,632,12,,,0,50,,633,12,,,0,90,,616,12,,,0,90,,617,12,,,0,91,,618,12,,,0,90,,619,12,,,0,90,,620,12,,,0,45,,621,12,,,0,169,,622,12,,,0,125,,623,12,,,0,165,,624,12,,,0,125,,625,12,0,5 6,0
2132000,'cal10-fri-1',634,,646,12,,,0,85,,648,12,,,0,90,,649,12,,,0,50,,650,12,,,0,90,,651,12,,,0,165,,652,12,,,0,90,,653,12,,,0,50,,654,12,,,0,90,,636,12,,,0,90,,637,12,,,0,91,,638,12,,,0,90,,639,12,,,0,90,,640,12,,,0,45,,641,12,,,0,169,,642,12,,,0,125,,643,12,,,0,165,,644,12,,,0,125,,645,12,,,0,120,,647,12,0,5 6,0
2132000,'cal11-sat-1',639,,667,12,,,0,85,,671,12,,,0,85,,672,12,,,0,45,,673,12,,,0,85,,674,12,0,5 6,0,170,,675,12,0,5 6,0,45,,676,12,,,0,85,,677,12,,,0,85,,657,12,,,0,85,,658,12,,,0,45,,659,12,,,0,86,,660,12,,,0,85,,661,12,,,0,85,,662,12,,,0,40,,663,12,0,5 6,0,89,,664,12,0,5 6,0,115,,665,12,,,0,170,,666,12,,,0,130,,668,12,,,0,160,,669,12,,,0,120,,670,12,0,5 6,0
2132000,'cal12-fri',634,,690,12,,,0,85,,696,12,,,0,90,,697,12,,,0,50,,698,12,,,0,90,,699,12,,,0,165,,700,12,,,0,90,,701,12,,,0,50,,702,12,,,0,90,,680,12,,,0,90,,681,12,,,0,91,,682,12,,,0,90,,683,12,,,0,90,,684,12,,,0,45,,685,12,,,0,169,,686,12,,,0,35,,687,12,,,0,90,,688,12,,,0,80,,689,12,,,0,85,,691,12,,,0,45,,692,12,,,0,80,,693,12,,,0,80,,694,12,,,0,40,,695,12,0,5 6,0
2132000,'cal13-sat',639,,715,12,,,0,85,,723,12,,,0,85,,724,12,,,0,45,,725,12,,,0,85,,726,12,0,5 6,0,170,,727,12,0,5 6,0,45,,728,12,,,0,85,,729,12,,,0,85,,705,12,,,0,85,,706,12,,,0,45,,707,12,,,0,86,,708,12,,,0,85,,709,12,,,0,85,,710,12,,,0,40,,711,12,0,5 6,0,89,,712,12,0,5 6,0,115,,713,12,,,0,85,,714,12,,,0,85,,716,12,,,0,85,,717,12,,,0,45,,718,12,,,0,75,,719,12,,,0,85,,720,12,,,0,40,,721,12,0,5 6,0,80,,722,12,0,5 6,0
2132000,'cal2-fri',634,,742,12,,,0,85,,746,12,,,0,90,,747,12,,,0,50,,748,12,,,0,90,,749,12,,,0,165,,750,12,,,0,90,,751,12,,,0,50,,752,12,,,0,90,,732,12,,,0,90,,733,12,,,0,91,,734,12,,,0,90,,735,12,,,0,90,,736,12,,,0,45,,737,12,,,0,169,,738,12,,,0,35,,739,12,,,0,90,,740,12,,,0,80,,741,12,,,0,85,,743,12,,,0,125,,744,12,,,0,120,,745,12,0,5 6,0
2132000,'cal3-sat',639,,765,12,,,0,85,,771,12,,,0,85,,772,12,,,0,45,,773,12,,,0,85,,774,12,0,5 6,0,170,,775,12,0,5 6,0,45,,776,12,,,0,85,,777,12,,,0,85,,755,12,,,0,85,,756,12,,,0,45,,757,12,,,0,86,,758,12,,,0,85,,759,12,,,0,85,,760,12,,,0,40,,761,12,0,5 6,0,89,,762,12,,,0,115,,763,12,,,0,85,,764,12,,,0,85,,766,12,,,0,85,,767,12,0,5 6,0,45,,768,12,,,0,160,,769,12,,,0,120,,770,12,0,5 6,0
2132000,'cal4-sun-3',639,,790,12,,,0,85,,793,12,,,0,85,,794,12,,,0,45,,795,12,,,0,85,,796,12,0,5 6,0,170,,797,12,0,5 6,0,45,,798,12,,,0,85,,799,12,,,0,85,,780,12,,,0,85,,781,12,,,0,45,,782,12,,,0,86,,783,12,,,0,85,,784,12,,,0,85,,785,12,,,0,40,,786,12,0,5 6,0,89,,787,12,0,5 6,0,115,,788,12,,,0,170,,789,12,,,0,130,,791,12,,,0,160,,792,12,0,5 6,0
2132000,'cal5-sat',639,,812,12,,,0,85,,823,12,,,0,85,,824,12,,,0,45,,825,12,,,0,85,,826,12,0,5 6,0,170,,828,12,0,5 6,0,20,,829,12,,,0,25,,802,12,,,0,85,,803,12,,,0,15,,804,12,,,0,70,,805,12,,,0,85,,806,12,,,0,45,,807,12,,,0,56,,808,12,,,0,30,,809,12,,,0,85,,810,12,,,0,15,,811,12,,,0,70,,813,12,,,0,40,,814,12,0,5 6,0,89,,815,12,,,0,115,,816,12,,,0,85,,817,12,,,0,85,,818,12,,,0,85,,819,12,0,5 6,0,45,,820,12,,,0,160,,821,12,,,0,120,,822,12,0,5 6,0
2132000,'cal6-sun',639,,842,12,,,0,85,,850,12,,,0,85,,851,12,,,0,45,,852,12,,,0,85,,853,12,0,5 6,0,170,,855,12,0,5 6,0,20,,856,12,,,0,25,,832,12,,,0,85,,833,12,,,0,15,,834,12,,,0,70,,835,12,,,0,85,,836,12,,,0,45,,837,12,,,0,56,,838,12,,,0,30,,839,12,,,0,85,,840,12,,,0,15,,841,12,,,0,70,,843,12,,,0,40,,844,12,0,5 6,0,89,,845,12,,,0,115,,846,12,,,0,170,,847,12,,,0,130,,848,12,,,0,160,,849,12,0,5 6,0
2132000,'cal7-sat',639,,869,12,,,0,85,,880,12,,,0,85,,883,12,,,0,45,,884,12,,,0,85,,885,12,0,5 6,0,170,,887,12,0,5 6,0,20,,888,12,,,0,25,,859,12,,,0,85,,860,12,,,0,15,,861,12,,,0,70,,862,12,,,0,85,,863,12,,,0,45,,864,12,,,0,56,,865,12,,,0,30,,866,12,,,0,85,,867,12,,,0,15,,868,12,,,0,70,,870,12,,,0,40,,871,12,0,5 6,0,60,,872,12,,,0,29,,873,12,,,0,91,,874,12,,,0,24,,875,12,,,0,85,,876,12,,,0,85,,877,12,,,0,85,,878,12,0,5 6,0,45,,879,12,,,0,160,,881,12,,,0,120,,882,12,0,5 6,0
2132000,'cal8-sun',639,,901,12,,,0,85,,912,12,,,0,85,,914,12,,,0,45,,915,12,,,0,85,,916,12,0,5 6,0,170,,918,12,0,5 6,0,20,,919,12,,,0,25,,891,12,,,0,85,,892,12,,,0,15,,893,12,,,0,70,,894,12,,,0,85,,895,12,,,0,45,,896,12,,,0,56,,897,12,,,0,30,,898,12,,,0,85,,899,12,,,0,15,,900,12,,,0,70,,902,12,,,0,40,,903,12,0,5 6,0,60,,904,12,,,0,29,,905,12,,,0,91,,906,12,,,0,24,,907,12,,,0,85,,908,12,,,0,85,,909,12,,,0,85,,910,12,0,5 6,0,45,,911,12,,,0,160,,913,12,0,5 6,0
2132000,'cal9-mon',634,,932,12,,,0,85,,939,12,,,0,90,,940,12,,,0,50,,941,12,,,0,90,,942,12,,,0,165,,943,12,,,0,90,,945,12,,,0,50,,922,12,,,0,55,,923,12,,,0,35,,924,12,,,0,90,,925,12,,,0,76,,926,12,,,0,15,,927,12,,,0,90,,928,12,,,0,30,,929,12,,,0,60,,930,12,,,0,45,,931,12,,,0,169,,933,12,,,0,125,,934,12,,,0,165,,935,12,,,0,125,,937,12,0,5 6,0,120,,938,12,0,5 6,0
