2132000,'cal1-mon-tue-wed-thu-1',647,,626,27,,,0,85,,627,27,,,0,90,,628,27,,,0,90,,629,27,,,0,90,,630,27,,,0,125,,631,27,,,0,90,,632,27,,,0,90,,633,27,,,0,50,,616,27,,,0,91,,617,27,,,0,91,,618,27,,,0,90,,619,27,,,0,90,,620,27,,,0,85,,621,27,,,0,128,,622,27,,,0,125,,623,27,,,0,165,,624,27,,,0,125,,625,27,0,5 6,0
2132000,'cal10-fri-1',647,,646,27,,,0,85,,648,27,,,0,90,,649,27,,,0,90,,650,27,,,0,90,,651,27,,,0,125,,652,27,,,0,90,,653,27,,,0,90,,654,27,,,0,50,,636,27,,,0,91,,637,27,,,0,91,,638,27,,,0,90,,639,27,,,0,90,,640,27,,,0,85,,641,27,,,0,128,,642,27,,,0,125,,643,27,,,0,165,,644,27,,,0,125,,645,27,,,0,160,,647,27,0,5 6,0
2132000,'cal11-sat-1',652,,667,27,,,0,85,,671,27,,,0,85,,672,27,,,0,85,,673,27,,,0,45,,674,27,0,5 6,0,170,,675,27,0,5 6,0,85,,676,27,,,0,45,,677,27,,,0,85,,657,27,,,0,86,,658,27,,,0,85,,659,27,,,0,46,,660,27,,,0,85,,661,27,,,0,85,,662,27,,,0,80,,663,27,0,5 6,0,48,,664,27,0,5 6,0,155,,665,27,,,0,130,,666,27,,,0,170,,668,27,,,0,120,,669,27,,,0,120,,670,27,0,5 6,0
2132000,'cal12-fri',647,,690,27,,,0,85,,696,27,,,0,90,,697,27,,,0,90,,698,27,,,0,90,,699,27,,,0,125,,700,27,,,0,90,,701,27,,,0,90,,702,27,,,0,50,,680,27,,,0,91,,681,27,,,0,91,,682,27,,,0,90,,683,27,,,0,90,,684,27,,,0,85,,685,27,,,0,128,,686,27,,,0,75,,687,27,,,0,50,,688,27,,,0,80,,689,27,,,0,85,,691,27,,,0,85,,692,27,,,0,40,,693,27,,,0,80,,694,27,,,0,80,,695,27,0,5 6,0
2132000,'cal13-sat',652,,715,27,,,0,85,,723,27,,,0,85,,724,27,,,0,85,,725,27,,,0,45,,726,27,0,5 6,0,170,,727,27,0,5 6,0,85,,728,27,,,0,45,,729,27,,,0,85,,705,27,,,0,86,,706,27,,,0,85,,707,27,,,0,46,,708,27,,,0,85,,709,27,,,0,85,,710,27,,,0,80,,711,27,0,5 6,0,48,,712,27,0,5 6,0,155,,713,27,,,0,45,,714,27,,,0,85,,716,27,,,0,85,,717,27,,,0,85,,718,27,,,0,35,,719,27,,,0,85,,720,27,,,0,80,,721,27,0,5 6,0,40,,722,27,0,5 6,0
2132000,'cal2-fri',647,,742,27,,,0,85,,746,27,,,0,90,,747,27,,,0,90,,748,27,,,0,90,,749,27,,,0,125,,750,27,,,0,90,,751,27,,,0,90,,752,27,,,0,50,,732,27,,,0,91,,733,27,,,0,91,,734,27,,,0,90,,735,27,,,0,90,,736,27,,,0,85,,737,27,,,0,128,,738,27,,,0,75,,739,27,,,0,50,,740,27,,,0,80,,741,27,,,0,85,,743,27,,,0,125,,744,27,,,0,160,,745,27,0,5 6,0
2132000,'cal3-sat',652,,765,27,,,0,85,,771,27,,,0,85,,772,27,,,0,85,,773,27,,,0,45,,774,27,0,5 6,0,170,,775,27,0,5 6,0,85,,776,27,,,0,45,,777,27,,,0,85,,755,27,,,0,86,,756,27,,,0,85,,757,27,,,0,46,,758,27,,,0,85,,759,27,,,0,85,,760,27,,,0,80,,761,27,0,5 6,0,48,,762,27,,,0,155,,763,27,,,0,45,,764,27,,,0,85,,766,27,,,0,85,,767,27,0,5 6,0,85,,768,27,,,0,120,,769,27,,,0,120,,770,27,0,5 6,0
2132000,'cal4-sun-3',652,,790,27,,,0,85,,793,27,,,0,85,,794,27,,,0,85,,795,27,,,0,45,,796,27,0,5 6,0,170,,797,27,0,5 6,0,85,,798,27,,,0,45,,799,27,,,0,85,,780,27,,,0,86,,781,27,,,0,85,,782,27,,,0,46,,783,27,,,0,85,,784,27,,,0,85,,785,27,,,0,80,,786,27,0,5 6,0,48,,787,27,0,5 6,0,155,,788,27,,,0,130,,789,27,,,0,170,,791,27,,,0,120,,792,27,0,5 6,0
2132000,'cal5-sat',652,,812,27,,,0,85,,823,27,,,0,85,,824,27,,,0,85,,825,27,,,0,45,,826,27,0,5 6,0,170,,828,27,0,5 6,0,20,,829,27,,,0,65,,802,27,,,0,45,,803,27,,,0,55,,804,27,,,0,30,,805,27,,,0,86,,806,27,,,0,85,,807,27,,,0,16,,808,27,,,0,30,,809,27,,,0,85,,810,27,,,0,15,,811,27,,,0,70,,813,27,,,0,80,,814,27,0,5 6,0,48,,815,27,,,0,155,,816,27,,,0,45,,817,27,,,0,85,,818,27,,,0,85,,819,27,0,5 6,0,85,,820,27,,,0,120,,821,27,,,0,120,,822,27,0,5 6,0
2132000,'cal6-sun',652,,842,27,,,0,85,,850,27,,,0,85,,851,27,,,0,85,,852,27,,,0,45,,853,27,0,5 6,0,170,,855,27,0,5 6,0,20,,856,27,,,0,65,,832,27,,,0,45,,833,27,,,0,55,,834,27,,,0,30,,835,27,,,0,86,,836,27,,,0,85,,837,27,,,0,16,,838,27,,,0,30,,839,27,,,0,85,,840,27,,,0,15,,841,27,,,0,70,,843,27,,,0,80,,844,27,0,5 6,0,48,,845,27,,,0,155,,846,27,,,0,130,,847,27,,,0,170,,848,27,,,0,120,,849,27,0,5 6,0
2132000,'cal7-sat',652,,869,27,,,0,85,,880,27,,,0,85,,883,27,,,0,85,,884,27,,,0,45,,885,27,0,5 6,0,170,,887,27,0,5 6,0,20,,888,27,,,0,65,,859,27,,,0,45,,860,27,,,0,55,,861,27,,,0,30,,862,27,,,0,86,,863,27,,,0,85,,864,27,,,0,16,,865,27,,,0,30,,866,27,,,0,85,,867,27,,,0,15,,868,27,,,0,70,,870,27,,,0,80,,871,27,0,5 6,0,19,,872,27,,,0,29,,873,27,,,0,91,,874,27,,,0,64,,875,27,,,0,45,,876,27,,,0,85,,877,27,,,0,85,,878,27,0,5 6,0,85,,879,27,,,0,120,,881,27,,,0,120,,882,27,0,5 6,0
2132000,'cal8-sun',652,,901,27,,,0,85,,912,27,,,0,85,,914,27,,,0,85,,915,27,,,0,45,,916,27,0,5 6,0,170,,918,27,0,5 6,0,20,,919,27,,,0,65,,891,27,,,0,45,,892,27,,,0,55,,893,27,,,0,30,,894,27,,,0,86,,895,27,,,0,85,,896,27,,,0,16,,897,27,,,0,30,,898,27,,,0,85,,899,27,,,0,15,,900,27,,,0,70,,902,27,,,0,80,,903,27,0,5 6,0,19,,904,27,,,0,29,,905,27,,,0,91,,906,27,,,0,64,,907,27,,,0,45,,908,27,,,0,85,,909,27,,,0,85,,910,27,0,5 6,0,85,,911,27,,,0,120,,913,27,0,5 6,0
2132000,'cal9-mon',647,,932,27,,,0,85,,939,27,,,0,90,,940,27,,,0,90,,941,27,,,0,90,,942,27,,,0,125,,943,27,,,0,90,,945,27,,,0,90,,922,27,,,0,15,,923,27,,,0,35,,924,27,,,0,91,,925,27,,,0,76,,926,27,,,0,15,,927,27,,,0,90,,928,27,,,0,30,,929,27,,,0,60,,930,27,,,0,85,,931,27,,,0,128,,933,27,,,0,125,,934,27,,,0,165,,935,27,,,0,125,,937,27,0,5 6,0,160,,938,27,0,5 6,0
