2132000,'cal1-mon-tue-wed-thu-1',604,,614,70,,,0,43,,615,70,,,0,82,,626,70,,,0,94,,627,70,,,0,90,,628,70,,,0,88,,629,70,,,0,53,,630,70,,,0,162,,631,70,,,0,92,,632,70,,,0,48,,633,70,,,0,90,,616,70,,,0,92,,617,70,,,0,92,,618,70,,,0,90,,619,70,,,0,89,,620,70,,,0,202,,622,70,,,0,125,,623,70,,,0,123,,624,70,,,0
2132000,'cal10-fri-1',604,,634,70,,,0,43,,635,70,,,0,82,,646,70,,,0,94,,648,70,,,0,90,,649,70,,,0,88,,650,70,,,0,53,,651,70,,,0,162,,652,70,,,0,92,,653,70,,,0,48,,654,70,,,0,90,,636,70,,,0,92,,637,70,,,0,92,,638,70,,,0,90,,639,70,,,0,89,,640,70,,,0,202,,642,70,,,0,125,,643,70,,,0,123,,644,70,,,0,165,,645,70,,,0
2132000,'cal11-sat-1',609,,655,70,,,0,43,,656,70,,,0,82,,667,70,,,0,85,,671,70,,,0,85,,672,70,,,0,45,,673,70,,,0,88,,674,70,0,5 6,0,168,,675,70,0,5 6,0,44,,676,70,,,0,86,,677,70,,,0,84,,657,70,,,0,86,,658,70,,,0,47,,659,70,,,0,84,,660,70,,,0,85,,661,70,,,0,85,,662,70,,,0,38,,663,70,0,5 6,0,202,,665,70,,,0,170,,666,70,,,0,128,,668,70,,,0,160,,669,70,,,0
2132000,'cal12-fri',604,,678,70,,,0,43,,679,70,,,0,82,,690,70,,,0,94,,696,70,,,0,90,,697,70,,,0,88,,698,70,,,0,53,,699,70,,,0,162,,700,70,,,0,92,,701,70,,,0,48,,702,70,,,0,90,,680,70,,,0,92,,681,70,,,0,92,,682,70,,,0,90,,683,70,,,0,89,,684,70,,,0,35,,685,70,,,0,167,,686,70,,,0,35,,687,70,,,0,90,,688,70,,,0,80,,689,70,,,0,43,,691,70,,,0,85,,692,70,,,0,80,,693,70,,,0
2132000,'cal13-sat',609,,703,70,,,0,43,,704,70,,,0,82,,715,70,,,0,85,,723,70,,,0,85,,724,70,,,0,45,,725,70,,,0,88,,726,70,0,5 6,0,168,,727,70,0,5 6,0,44,,728,70,,,0,86,,729,70,,,0,84,,705,70,,,0,86,,706,70,,,0,47,,707,70,,,0,84,,708,70,,,0,85,,709,70,,,0,85,,710,70,,,0,38,,711,70,0,5 6,0,87,,712,70,0,5 6,0,115,,713,70,,,0,85,,714,70,,,0,85,,716,70,,,0,85,,717,70,,,0,43,,718,70,,,0,75,,719,70,,,0,85,,720,70,,,0
2132000,'cal2-fri',604,,730,70,,,0,43,,731,70,,,0,82,,742,70,,,0,94,,746,70,,,0,90,,747,70,,,0,88,,748,70,,,0,53,,749,70,,,0,162,,750,70,,,0,92,,751,70,,,0,48,,752,70,,,0,90,,732,70,,,0,92,,733,70,,,0,92,,734,70,,,0,90,,735,70,,,0,89,,736,70,,,0,35,,737,70,,,0,167,,738,70,,,0,35,,739,70,,,0,90,,740,70,,,0,123,,743,70,,,0,165,,744,70,,,0
2132000,'cal3-sat',609,,753,70,,,0,43,,754,70,,,0,82,,765,70,,,0,85,,771,70,,,0,85,,772,70,,,0,45,,773,70,,,0,88,,774,70,0,5 6,0,168,,775,70,0,5 6,0,44,,776,70,,,0,86,,777,70,,,0,84,,755,70,,,0,86,,756,70,,,0,47,,757,70,,,0,84,,758,70,,,0,85,,759,70,,,0,85,,760,70,,,0,38,,761,70,0,5 6,0,87,,762,70,,,0,115,,763,70,,,0,85,,764,70,,,0,85,,766,70,,,0,128,,768,70,,,0,160,,769,70,,,0
2132000,'cal4-sun-3',609,,778,70,,,0,43,,779,70,,,0,82,,790,70,,,0,85,,793,70,,,0,85,,794,70,,,0,45,,795,70,,,0,88,,796,70,0,5 6,0,168,,797,70,0,5 6,0,44,,798,70,,,0,86,,799,70,,,0,84,,780,70,,,0,86,,781,70,,,0,47,,782,70,,,0,84,,783,70,,,0,85,,784,70,,,0,85,,785,70,,,0,38,,786,70,0,5 6,0,202,,788,70,,,0,170,,789,70,,,0,128,,791,70,,,0
2132000,'cal5-sat',609,,800,70,,,0,43,,801,70,,,0,82,,812,70,,,0,85,,823,70,,,0,85,,824,70,,,0,45,,825,70,,,0,88,,826,70,0,5 6,0,64,,827,70,,,0,104,,828,70,0,5 6,0,19,,829,70,,,0,25,,802,70,,,0,86,,803,70,,,0,14,,804,70,,,0,70,,805,70,,,0,86,,806,70,,,0,47,,807,70,,,0,55,,808,70,,,0,29,,809,70,,,0,85,,810,70,,,0,15,,811,70,,,0,70,,813,70,,,0,38,,814,70,0,5 6,0,87,,815,70,,,0,115,,816,70,,,0,85,,817,70,,,0,85,,818,70,,,0,128,,820,70,,,0,160,,821,70,,,0
2132000,'cal6-sun',609,,830,70,,,0,43,,831,70,,,0,82,,842,70,,,0,85,,850,70,,,0,85,,851,70,,,0,45,,852,70,,,0,88,,853,70,0,5 6,0,64,,854,70,,,0,104,,855,70,0,5 6,0,19,,856,70,,,0,25,,832,70,,,0,86,,833,70,,,0,14,,834,70,,,0,70,,835,70,,,0,86,,836,70,,,0,47,,837,70,,,0,55,,838,70,,,0,29,,839,70,,,0,85,,840,70,,,0,15,,841,70,,,0,70,,843,70,,,0,38,,844,70,0,5 6,0,202,,846,70,,,0,170,,847,70,,,0,128,,848,70,,,0
2132000,'cal7-sat',609,,857,70,,,0,43,,858,70,,,0,82,,869,70,,,0,85,,880,70,,,0,85,,883,70,,,0,45,,884,70,,,0,88,,885,70,0,5 6,0,64,,886,70,,,0,104,,887,70,0,5 6,0,19,,888,70,,,0,25,,859,70,,,0,86,,860,70,,,0,14,,861,70,,,0,70,,862,70,,,0,86,,863,70,,,0,47,,864,70,,,0,55,,865,70,,,0,29,,866,70,,,0,85,,867,70,,,0,15,,868,70,,,0,70,,870,70,,,0,38,,871,70,0,5 6,0,58,,872,70,,,0,29,,873,70,,,0,115,,875,70,,,0,85,,876,70,,,0,85,,877,70,,,0,128,,879,70,,,0,160,,881,70,,,0
2132000,'cal8-sun',609,,889,70,,,0,43,,890,70,,,0,82,,901,70,,,0,85,,912,70,,,0,85,,914,70,,,0,45,,915,70,,,0,88,,916,70,0,5 6,0,64,,917,70,,,0,104,,918,70,0,5 6,0,19,,919,70,,,0,25,,891,70,,,0,86,,892,70,,,0,14,,893,70,,,0,70,,894,70,,,0,86,,895,70,,,0,47,,896,70,,,0,55,,897,70,,,0,29,,898,70,,,0,85,,899,70,,,0,15,,900,70,,,0,70,,902,70,,,0,38,,903,70,0,5 6,0,58,,904,70,,,0,29,,905,70,,,0,115,,907,70,,,0,85,,908,70,,,0,85,,909,70,,,0,128,,911,70,,,0
2132000,'cal9-mon',604,,920,70,,,0,43,,921,70,,,0,82,,932,70,,,0,94,,939,70,,,0,90,,940,70,,,0,88,,941,70,,,0,53,,942,70,,,0,162,,943,70,,,0,21,,944,70,,,0,71,,945,70,,,0,48,,922,70,,,0,55,,923,70,,,0,35,,924,70,,,0,92,,925,70,,,0,77,,926,70,,,0,15,,927,70,,,0,90,,928,70,,,0,29,,929,70,,,0,60,,930,70,,,0,202,,933,70,,,0,125,,934,70,,,0,123,,935,70,,,0,165,,936,70,,,0
