2132000,'cal1-mon-tue-wed-thu-1',603,,614,68,,,0,43,,615,68,,,0,82,,626,68,,,0,94,,627,68,,,0,90,,628,68,,,0,88,,629,68,,,0,53,,630,68,,,0,163,,631,68,,,0,92,,632,68,,,0,48,,633,68,,,0,90,,616,68,,,0,92,,617,68,,,0,92,,618,68,,,0,90,,619,68,,,0,89,,620,68,,,0,202,,622,68,,,0,125,,623,68,,,0,123,,624,68,,,0
2132000,'cal10-fri-1',603,,634,68,,,0,43,,635,68,,,0,82,,646,68,,,0,94,,648,68,,,0,90,,649,68,,,0,88,,650,68,,,0,53,,651,68,,,0,163,,652,68,,,0,92,,653,68,,,0,48,,654,68,,,0,90,,636,68,,,0,92,,637,68,,,0,92,,638,68,,,0,90,,639,68,,,0,89,,640,68,,,0,202,,642,68,,,0,125,,643,68,,,0,123,,644,68,,,0,165,,645,68,,,0
2132000,'cal11-sat-1',608,,655,68,,,0,43,,656,68,,,0,82,,667,68,,,0,85,,671,68,,,0,85,,672,68,,,0,45,,673,68,,,0,88,,674,68,0,5 6,0,169,,675,68,0,5 6,0,44,,676,68,,,0,86,,677,68,,,0,84,,657,68,,,0,86,,658,68,,,0,47,,659,68,,,0,84,,660,68,,,0,85,,661,68,,,0,85,,662,68,,,0,38,,663,68,0,5 6,0,202,,665,68,,,0,170,,666,68,,,0,128,,668,68,,,0,160,,669,68,,,0
2132000,'cal12-fri',603,,678,68,,,0,43,,679,68,,,0,82,,690,68,,,0,94,,696,68,,,0,90,,697,68,,,0,88,,698,68,,,0,53,,699,68,,,0,163,,700,68,,,0,92,,701,68,,,0,48,,702,68,,,0,90,,680,68,,,0,92,,681,68,,,0,92,,682,68,,,0,90,,683,68,,,0,89,,684,68,,,0,35,,685,68,,,0,167,,686,68,,,0,35,,687,68,,,0,90,,688,68,,,0,80,,689,68,,,0,43,,691,68,,,0,85,,692,68,,,0,80,,693,68,,,0
2132000,'cal13-sat',608,,703,68,,,0,43,,704,68,,,0,82,,715,68,,,0,85,,723,68,,,0,85,,724,68,,,0,45,,725,68,,,0,88,,726,68,0,5 6,0,169,,727,68,0,5 6,0,44,,728,68,,,0,86,,729,68,,,0,84,,705,68,,,0,86,,706,68,,,0,47,,707,68,,,0,84,,708,68,,,0,85,,709,68,,,0,85,,710,68,,,0,38,,711,68,0,5 6,0,87,,712,68,0,5 6,0,115,,713,68,,,0,85,,714,68,,,0,85,,716,68,,,0,85,,717,68,,,0,43,,718,68,,,0,75,,719,68,,,0,85,,720,68,,,0
2132000,'cal2-fri',603,,730,68,,,0,43,,731,68,,,0,82,,742,68,,,0,94,,746,68,,,0,90,,747,68,,,0,88,,748,68,,,0,53,,749,68,,,0,163,,750,68,,,0,92,,751,68,,,0,48,,752,68,,,0,90,,732,68,,,0,92,,733,68,,,0,92,,734,68,,,0,90,,735,68,,,0,89,,736,68,,,0,35,,737,68,,,0,167,,738,68,,,0,35,,739,68,,,0,90,,740,68,,,0,123,,743,68,,,0,165,,744,68,,,0
2132000,'cal3-sat',608,,753,68,,,0,43,,754,68,,,0,82,,765,68,,,0,85,,771,68,,,0,85,,772,68,,,0,45,,773,68,,,0,88,,774,68,0,5 6,0,169,,775,68,0,5 6,0,44,,776,68,,,0,86,,777,68,,,0,84,,755,68,,,0,86,,756,68,,,0,47,,757,68,,,0,84,,758,68,,,0,85,,759,68,,,0,85,,760,68,,,0,38,,761,68,0,5 6,0,87,,762,68,,,0,115,,763,68,,,0,85,,764,68,,,0,85,,766,68,,,0,128,,768,68,,,0,160,,769,68,,,0
2132000,'cal4-sun-3',608,,778,68,,,0,43,,779,68,,,0,82,,790,68,,,0,85,,793,68,,,0,85,,794,68,,,0,45,,795,68,,,0,88,,796,68,0,5 6,0,169,,797,68,0,5 6,0,44,,798,68,,,0,86,,799,68,,,0,84,,780,68,,,0,86,,781,68,,,0,47,,782,68,,,0,84,,783,68,,,0,85,,784,68,,,0,85,,785,68,,,0,38,,786,68,0,5 6,0,202,,788,68,,,0,170,,789,68,,,0,128,,791,68,,,0
2132000,'cal5-sat',608,,800,68,,,0,43,,801,68,,,0,82,,812,68,,,0,85,,823,68,,,0,85,,824,68,,,0,45,,825,68,,,0,88,,826,68,0,5 6,0,64,,827,68,,,0,105,,828,68,0,5 6,0,19,,829,68,,,0,25,,802,68,,,0,86,,803,68,,,0,14,,804,68,,,0,70,,805,68,,,0,86,,806,68,,,0,47,,807,68,,,0,55,,808,68,,,0,29,,809,68,,,0,85,,810,68,,,0,15,,811,68,,,0,70,,813,68,,,0,38,,814,68,0,5 6,0,87,,815,68,,,0,115,,816,68,,,0,85,,817,68,,,0,85,,818,68,,,0,128,,820,68,,,0,160,,821,68,,,0
2132000,'cal6-sun',608,,830,68,,,0,43,,831,68,,,0,82,,842,68,,,0,85,,850,68,,,0,85,,851,68,,,0,45,,852,68,,,0,88,,853,68,0,5 6,0,64,,854,68,,,0,105,,855,68,0,5 6,0,19,,856,68,,,0,25,,832,68,,,0,86,,833,68,,,0,14,,834,68,,,0,70,,835,68,,,0,86,,836,68,,,0,47,,837,68,,,0,55,,838,68,,,0,29,,839,68,,,0,85,,840,68,,,0,15,,841,68,,,0,70,,843,68,,,0,38,,844,68,0,5 6,0,202,,846,68,,,0,170,,847,68,,,0,128,,848,68,,,0
2132000,'cal7-sat',608,,857,68,,,0,43,,858,68,,,0,82,,869,68,,,0,85,,880,68,,,0,85,,883,68,,,0,45,,884,68,,,0,88,,885,68,0,5 6,0,64,,886,68,,,0,105,,887,68,0,5 6,0,19,,888,68,,,0,25,,859,68,,,0,86,,860,68,,,0,14,,861,68,,,0,70,,862,68,,,0,86,,863,68,,,0,47,,864,68,,,0,55,,865,68,,,0,29,,866,68,,,0,85,,867,68,,,0,15,,868,68,,,0,70,,870,68,,,0,38,,871,68,0,5 6,0,58,,872,68,,,0,29,,873,68,,,0,115,,875,68,,,0,85,,876,68,,,0,85,,877,68,,,0,128,,879,68,,,0,160,,881,68,,,0
2132000,'cal8-sun',608,,889,68,,,0,43,,890,68,,,0,82,,901,68,,,0,85,,912,68,,,0,85,,914,68,,,0,45,,915,68,,,0,88,,916,68,0,5 6,0,64,,917,68,,,0,105,,918,68,0,5 6,0,19,,919,68,,,0,25,,891,68,,,0,86,,892,68,,,0,14,,893,68,,,0,70,,894,68,,,0,86,,895,68,,,0,47,,896,68,,,0,55,,897,68,,,0,29,,898,68,,,0,85,,899,68,,,0,15,,900,68,,,0,70,,902,68,,,0,38,,903,68,0,5 6,0,58,,904,68,,,0,29,,905,68,,,0,115,,907,68,,,0,85,,908,68,,,0,85,,909,68,,,0,128,,911,68,,,0
2132000,'cal9-mon',603,,920,68,,,0,43,,921,68,,,0,82,,932,68,,,0,94,,939,68,,,0,90,,940,68,,,0,88,,941,68,,,0,53,,942,68,,,0,163,,943,68,,,0,21,,944,68,,,0,71,,945,68,,,0,48,,922,68,,,0,55,,923,68,,,0,35,,924,68,,,0,92,,925,68,,,0,77,,926,68,,,0,15,,927,68,,,0,90,,928,68,,,0,29,,929,68,,,0,60,,930,68,,,0,202,,933,68,,,0,125,,934,68,,,0,123,,935,68,,,0,165,,936,68,,,0
