2132000,'cal1-mon-tue-wed-thu-1',548,,614,54,,,0,83,,615,54,,,0,82,,626,54,,,0,94,,627,54,,,0,50,,628,54,,,0,88,,629,54,,,0,93,,630,54,,,0,163,,631,54,,,0,52,,632,54,,,0,88,,633,54,,,0,90,,616,54,,,0,92,,617,54,,,0,92,,618,54,,,0,90,,619,54,,,0,49,,620,54,,,0,203,,622,54,,,0,165,,623,54,,,0
2132000,'cal10-fri-1',548,,634,54,,,0,83,,635,54,,,0,82,,646,54,,,0,94,,648,54,,,0,50,,649,54,,,0,88,,650,54,,,0,93,,651,54,,,0,163,,652,54,,,0,52,,653,54,,,0,88,,654,54,,,0,90,,636,54,,,0,92,,637,54,,,0,92,,638,54,,,0,90,,639,54,,,0,49,,640,54,,,0,203,,642,54,,,0,165,,643,54,,,0
2132000,'cal11-sat-1',553,,655,54,,,0,83,,656,54,,,0,82,,667,54,,,0,85,,671,54,,,0,45,,672,54,,,0,85,,673,54,,,0,88,,674,54,0,5 6,0,129,,675,54,0,5 6,0,84,,676,54,,,0,86,,677,54,,,0,84,,657,54,,,0,46,,658,54,,,0,87,,659,54,,,0,84,,660,54,,,0,85,,661,54,,,0,45,,662,54,,,0,79,,663,54,0,5 6,0,202,,665,54,,,0,170,,666,54,,,0
2132000,'cal12-fri',548,,678,54,,,0,83,,679,54,,,0,82,,690,54,,,0,94,,696,54,,,0,50,,697,54,,,0,88,,698,54,,,0,93,,699,54,,,0,163,,700,54,,,0,52,,701,54,,,0,88,,702,54,,,0,90,,680,54,,,0,92,,681,54,,,0,92,,682,54,,,0,90,,683,54,,,0,49,,684,54,,,0,76,,685,54,,,0,127,,686,54,,,0,75,,687,54,,,0,90,,688,54,,,0,80,,689,54,,,0
2132000,'cal13-sat',553,,703,54,,,0,83,,704,54,,,0,82,,715,54,,,0,85,,723,54,,,0,45,,724,54,,,0,85,,725,54,,,0,88,,726,54,0,5 6,0,129,,727,54,0,5 6,0,84,,728,54,,,0,86,,729,54,,,0,84,,705,54,,,0,46,,706,54,,,0,87,,707,54,,,0,84,,708,54,,,0,85,,709,54,,,0,45,,710,54,,,0,79,,711,54,0,5 6,0,87,,712,54,0,5 6,0,115,,713,54,,,0,85,,714,54,,,0,85,,716,54,,,0,45,,717,54,,,0
2132000,'cal2-fri',548,,730,54,,,0,83,,731,54,,,0,82,,742,54,,,0,94,,746,54,,,0,50,,747,54,,,0,88,,748,54,,,0,93,,749,54,,,0,163,,750,54,,,0,52,,751,54,,,0,88,,752,54,,,0,90,,732,54,,,0,92,,733,54,,,0,92,,734,54,,,0,90,,735,54,,,0,49,,736,54,,,0,76,,737,54,,,0,127,,738,54,,,0,75,,739,54,,,0,90,,740,54,,,0
2132000,'cal3-sat',553,,753,54,,,0,83,,754,54,,,0,82,,765,54,,,0,85,,771,54,,,0,45,,772,54,,,0,85,,773,54,,,0,88,,774,54,0,5 6,0,129,,775,54,0,5 6,0,84,,776,54,,,0,86,,777,54,,,0,84,,755,54,,,0,46,,756,54,,,0,87,,757,54,,,0,84,,758,54,,,0,85,,759,54,,,0,45,,760,54,,,0,79,,761,54,0,5 6,0,87,,762,54,,,0,115,,763,54,,,0,85,,764,54,,,0,85,,766,54,,,0
2132000,'cal4-sun-3',553,,778,54,,,0,83,,779,54,,,0,82,,790,54,,,0,85,,793,54,,,0,45,,794,54,,,0,85,,795,54,,,0,88,,796,54,0,5 6,0,129,,797,54,0,5 6,0,84,,798,54,,,0,86,,799,54,,,0,84,,780,54,,,0,46,,781,54,,,0,87,,782,54,,,0,84,,783,54,,,0,85,,784,54,,,0,45,,785,54,,,0,79,,786,54,0,5 6,0,202,,788,54,,,0,170,,789,54,,,0
2132000,'cal5-sat',553,,800,54,,,0,83,,801,54,,,0,82,,812,54,,,0,85,,823,54,,,0,45,,824,54,,,0,85,,825,54,,,0,88,,826,54,0,5 6,0,24,,827,54,,,0,105,,828,54,0,5 6,0,59,,829,54,,,0,25,,802,54,,,0,86,,803,54,,,0,14,,804,54,,,0,70,,805,54,,,0,46,,806,54,,,0,87,,807,54,,,0,15,,808,54,,,0,69,,809,54,,,0,85,,810,54,,,0,15,,811,54,,,0,30,,813,54,,,0,79,,814,54,0,5 6,0,87,,815,54,,,0,115,,816,54,,,0,85,,817,54,,,0,85,,818,54,,,0
2132000,'cal6-sun',553,,830,54,,,0,83,,831,54,,,0,82,,842,54,,,0,85,,850,54,,,0,45,,851,54,,,0,85,,852,54,,,0,88,,853,54,0,5 6,0,24,,854,54,,,0,105,,855,54,0,5 6,0,59,,856,54,,,0,25,,832,54,,,0,86,,833,54,,,0,14,,834,54,,,0,70,,835,54,,,0,46,,836,54,,,0,87,,837,54,,,0,15,,838,54,,,0,69,,839,54,,,0,85,,840,54,,,0,15,,841,54,,,0,30,,843,54,,,0,79,,844,54,0,5 6,0,202,,846,54,,,0,170,,847,54,,,0
2132000,'cal7-sat',553,,857,54,,,0,83,,858,54,,,0,82,,869,54,,,0,85,,880,54,,,0,45,,883,54,,,0,85,,884,54,,,0,88,,885,54,0,5 6,0,24,,886,54,,,0,105,,887,54,0,5 6,0,59,,888,54,,,0,25,,859,54,,,0,86,,860,54,,,0,14,,861,54,,,0,70,,862,54,,,0,46,,863,54,,,0,87,,864,54,,,0,15,,865,54,,,0,69,,866,54,,,0,85,,867,54,,,0,15,,868,54,,,0,30,,870,54,,,0,79,,871,54,0,5 6,0,18,,872,54,,,0,69,,873,54,,,0,115,,875,54,,,0,85,,876,54,,,0,85,,877,54,,,0
2132000,'cal8-sun',553,,889,54,,,0,83,,890,54,,,0,82,,901,54,,,0,85,,912,54,,,0,45,,914,54,,,0,85,,915,54,,,0,88,,916,54,0,5 6,0,24,,917,54,,,0,105,,918,54,0,5 6,0,59,,919,54,,,0,25,,891,54,,,0,86,,892,54,,,0,14,,893,54,,,0,70,,894,54,,,0,46,,895,54,,,0,87,,896,54,,,0,15,,897,54,,,0,69,,898,54,,,0,85,,899,54,,,0,15,,900,54,,,0,30,,902,54,,,0,79,,903,54,0,5 6,0,18,,904,54,,,0,69,,905,54,,,0,115,,907,54,,,0,85,,908,54,,,0,85,,909,54,,,0
2132000,'cal9-mon',548,,920,54,,,0,83,,921,54,,,0,82,,932,54,,,0,94,,939,54,,,0,50,,940,54,,,0,88,,941,54,,,0,93,,942,54,,,0,163,,943,54,,,0,21,,944,54,,,0,31,,945,54,,,0,88,,922,54,,,0,15,,923,54,,,0,75,,924,54,,,0,92,,925,54,,,0,77,,926,54,,,0,15,,927,54,,,0,90,,928,54,,,0,29,,929,54,,,0,20,,930,54,,,0,203,,933,54,,,0,165,,934,54,,,0
