2132000,'cal1-mon-tue-wed-thu-1',633,,626,11,,,0,85,,627,11,,,0,90,,628,11,,,0,50,,629,11,,,0,90,,630,11,,,0,165,,631,11,,,0,90,,632,11,,,0,50,,633,11,,,0,90,,616,11,,,0,90,,617,11,,,0,91,,618,11,,,0,90,,619,11,,,0,90,,620,11,,,0,45,,621,11,,,0,169,,622,11,,,0,125,,623,11,,,0,165,,624,11,,,0,125,,625,11,0,5 6,0
2132000,'cal10-fri-1',633,,646,11,,,0,85,,648,11,,,0,90,,649,11,,,0,50,,650,11,,,0,90,,651,11,,,0,165,,652,11,,,0,90,,653,11,,,0,50,,654,11,,,0,90,,636,11,,,0,90,,637,11,,,0,91,,638,11,,,0,90,,639,11,,,0,90,,640,11,,,0,45,,641,11,,,0,169,,642,11,,,0,125,,643,11,,,0,165,,644,11,,,0,125,,645,11,,,0,120,,647,11,0,5 6,0
2132000,'cal11-sat-1',638,,667,11,,,0,85,,671,11,,,0,85,,672,11,,,0,45,,673,11,,,0,85,,674,11,0,5 6,0,170,,675,11,0,5 6,0,45,,676,11,,,0,85,,677,11,,,0,85,,657,11,,,0,85,,658,11,,,0,45,,659,11,,,0,86,,660,11,,,0,85,,661,11,,,0,85,,662,11,,,0,40,,663,11,0,5 6,0,89,,664,11,0,5 6,0,115,,665,11,,,0,170,,666,11,,,0,130,,668,11,,,0,160,,669,11,,,0,120,,670,11,0,5 6,0
2132000,'cal12-fri',633,,690,11,,,0,85,,696,11,,,0,90,,697,11,,,0,50,,698,11,,,0,90,,699,11,,,0,165,,700,11,,,0,90,,701,11,,,0,50,,702,11,,,0,90,,680,11,,,0,90,,681,11,,,0,91,,682,11,,,0,90,,683,11,,,0,90,,684,11,,,0,45,,685,11,,,0,169,,686,11,,,0,35,,687,11,,,0,90,,688,11,,,0,80,,689,11,,,0,85,,691,11,,,0,45,,692,11,,,0,80,,693,11,,,0,80,,694,11,,,0,40,,695,11,0,5 6,0
2132000,'cal13-sat',638,,715,11,,,0,85,,723,11,,,0,85,,724,11,,,0,45,,725,11,,,0,85,,726,11,0,5 6,0,170,,727,11,0,5 6,0,45,,728,11,,,0,85,,729,11,,,0,85,,705,11,,,0,85,,706,11,,,0,45,,707,11,,,0,86,,708,11,,,0,85,,709,11,,,0,85,,710,11,,,0,40,,711,11,0,5 6,0,89,,712,11,0,5 6,0,115,,713,11,,,0,85,,714,11,,,0,85,,716,11,,,0,85,,717,11,,,0,45,,718,11,,,0,75,,719,11,,,0,85,,720,11,,,0,40,,721,11,0,5 6,0,80,,722,11,0,5 6,0
2132000,'cal2-fri',633,,742,11,,,0,85,,746,11,,,0,90,,747,11,,,0,50,,748,11,,,0,90,,749,11,,,0,165,,750,11,,,0,90,,751,11,,,0,50,,752,11,,,0,90,,732,11,,,0,90,,733,11,,,0,91,,734,11,,,0,90,,735,11,,,0,90,,736,11,,,0,45,,737,11,,,0,169,,738,11,,,0,35,,739,11,,,0,90,,740,11,,,0,80,,741,11,,,0,85,,743,11,,,0,125,,744,11,,,0,120,,745,11,0,5 6,0
2132000,'cal3-sat',638,,765,11,,,0,85,,771,11,,,0,85,,772,11,,,0,45,,773,11,,,0,85,,774,11,0,5 6,0,170,,775,11,0,5 6,0,45,,776,11,,,0,85,,777,11,,,0,85,,755,11,,,0,85,,756,11,,,0,45,,757,11,,,0,86,,758,11,,,0,85,,759,11,,,0,85,,760,11,,,0,40,,761,11,0,5 6,0,89,,762,11,,,0,115,,763,11,,,0,85,,764,11,,,0,85,,766,11,,,0,85,,767,11,0,5 6,0,45,,768,11,,,0,160,,769,11,,,0,120,,770,11,0,5 6,0
2132000,'cal4-sun-3',638,,790,11,,,0,85,,793,11,,,0,85,,794,11,,,0,45,,795,11,,,0,85,,796,11,0,5 6,0,170,,797,11,0,5 6,0,45,,798,11,,,0,85,,799,11,,,0,85,,780,11,,,0,85,,781,11,,,0,45,,782,11,,,0,86,,783,11,,,0,85,,784,11,,,0,85,,785,11,,,0,40,,786,11,0,5 6,0,89,,787,11,0,5 6,0,115,,788,11,,,0,170,,789,11,,,0,130,,791,11,,,0,160,,792,11,0,5 6,0
2132000,'cal5-sat',638,,812,11,,,0,85,,823,11,,,0,85,,824,11,,,0,45,,825,11,,,0,85,,826,11,0,5 6,0,170,,828,11,0,5 6,0,20,,829,11,,,0,25,,802,11,,,0,85,,803,11,,,0,15,,804,11,,,0,70,,805,11,,,0,85,,806,11,,,0,45,,807,11,,,0,56,,808,11,,,0,30,,809,11,,,0,85,,810,11,,,0,15,,811,11,,,0,70,,813,11,,,0,40,,814,11,0,5 6,0,89,,815,11,,,0,115,,816,11,,,0,85,,817,11,,,0,85,,818,11,,,0,85,,819,11,0,5 6,0,45,,820,11,,,0,160,,821,11,,,0,120,,822,11,0,5 6,0
2132000,'cal6-sun',638,,842,11,,,0,85,,850,11,,,0,85,,851,11,,,0,45,,852,11,,,0,85,,853,11,0,5 6,0,170,,855,11,0,5 6,0,20,,856,11,,,0,25,,832,11,,,0,85,,833,11,,,0,15,,834,11,,,0,70,,835,11,,,0,85,,836,11,,,0,45,,837,11,,,0,56,,838,11,,,0,30,,839,11,,,0,85,,840,11,,,0,15,,841,11,,,0,70,,843,11,,,0,40,,844,11,0,5 6,0,89,,845,11,,,0,115,,846,11,,,0,170,,847,11,,,0,130,,848,11,,,0,160,,849,11,0,5 6,0
2132000,'cal7-sat',638,,869,11,,,0,85,,880,11,,,0,85,,883,11,,,0,45,,884,11,,,0,85,,885,11,0,5 6,0,170,,887,11,0,5 6,0,20,,888,11,,,0,25,,859,11,,,0,85,,860,11,,,0,15,,861,11,,,0,70,,862,11,,,0,85,,863,11,,,0,45,,864,11,,,0,56,,865,11,,,0,30,,866,11,,,0,85,,867,11,,,0,15,,868,11,,,0,70,,870,11,,,0,40,,871,11,0,5 6,0,60,,872,11,,,0,29,,873,11,,,0,91,,874,11,,,0,24,,875,11,,,0,85,,876,11,,,0,85,,877,11,,,0,85,,878,11,0,5 6,0,45,,879,11,,,0,160,,881,11,,,0,120,,882,11,0,5 6,0
2132000,'cal8-sun',638,,901,11,,,0,85,,912,11,,,0,85,,914,11,,,0,45,,915,11,,,0,85,,916,11,0,5 6,0,170,,918,11,0,5 6,0,20,,919,11,,,0,25,,891,11,,,0,85,,892,11,,,0,15,,893,11,,,0,70,,894,11,,,0,85,,895,11,,,0,45,,896,11,,,0,56,,897,11,,,0,30,,898,11,,,0,85,,899,11,,,0,15,,900,11,,,0,70,,902,11,,,0,40,,903,11,0,5 6,0,60,,904,11,,,0,29,,905,11,,,0,91,,906,11,,,0,24,,907,11,,,0,85,,908,11,,,0,85,,909,11,,,0,85,,910,11,0,5 6,0,45,,911,11,,,0,160,,913,11,0,5 6,0
2132000,'cal9-mon',633,,932,11,,,0,85,,939,11,,,0,90,,940,11,,,0,50,,941,11,,,0,90,,942,11,,,0,165,,943,11,,,0,90,,945,11,,,0,50,,922,11,,,0,55,,923,11,,,0,35,,924,11,,,0,90,,925,11,,,0,76,,926,11,,,0,15,,927,11,,,0,90,,928,11,,,0,30,,929,11,,,0,60,,930,11,,,0,45,,931,11,,,0,169,,933,11,,,0,125,,934,11,,,0,165,,935,11,,,0,125,,937,11,0,5 6,0,120,,938,11,0,5 6,0
