2132000,'cal1-mon-tue-wed-thu-1',628,,626,4,,,0,85,,627,4,,,0,90,,628,4,,,0,50,,629,4,,,0,90,,630,4,,,0,165,,631,4,,,0,50,,632,4,,,0,90,,633,4,,,0,90,,616,4,,,0,90,,617,4,,,0,90,,618,4,,,0,90,,619,4,,,0,50,,620,4,,,0,85,,621,4,,,0,170,,622,4,,,0,125,,623,4,,,0,165,,624,4,,,0,125,,625,4,0,5 6,0
2132000,'cal10-fri-1',628,,646,4,,,0,85,,648,4,,,0,90,,649,4,,,0,50,,650,4,,,0,90,,651,4,,,0,165,,652,4,,,0,50,,653,4,,,0,90,,654,4,,,0,90,,636,4,,,0,90,,637,4,,,0,90,,638,4,,,0,90,,639,4,,,0,50,,640,4,,,0,85,,641,4,,,0,170,,642,4,,,0,125,,643,4,,,0,165,,644,4,,,0,125,,645,4,,,0,120,,647,4,0,5 6,0
2132000,'cal11-sat-1',633,,667,4,,,0,85,,671,4,,,0,85,,672,4,,,0,45,,673,4,,,0,85,,674,4,0,5 6,0,170,,675,4,0,5 6,0,45,,676,4,,,0,85,,677,4,,,0,85,,657,4,,,0,85,,658,4,,,0,45,,659,4,,,0,85,,660,4,,,0,85,,661,4,,,0,85,,662,4,,,0,40,,663,4,0,5 6,0,90,,664,4,0,5 6,0,115,,665,4,,,0,170,,666,4,,,0,130,,668,4,,,0,160,,669,4,,,0,120,,670,4,0,5 6,0
2132000,'cal12-fri',628,,690,4,,,0,85,,696,4,,,0,90,,697,4,,,0,50,,698,4,,,0,90,,699,4,,,0,165,,700,4,,,0,50,,701,4,,,0,90,,702,4,,,0,90,,680,4,,,0,90,,681,4,,,0,90,,682,4,,,0,90,,683,4,,,0,50,,684,4,,,0,85,,685,4,,,0,170,,686,4,,,0,35,,687,4,,,0,90,,688,4,,,0,80,,689,4,,,0,85,,691,4,,,0,45,,692,4,,,0,80,,693,4,,,0,80,,694,4,,,0,40,,695,4,0,5 6,0
2132000,'cal13-sat',633,,715,4,,,0,85,,723,4,,,0,85,,724,4,,,0,45,,725,4,,,0,85,,726,4,0,5 6,0,170,,727,4,0,5 6,0,45,,728,4,,,0,85,,729,4,,,0,85,,705,4,,,0,85,,706,4,,,0,45,,707,4,,,0,85,,708,4,,,0,85,,709,4,,,0,85,,710,4,,,0,40,,711,4,0,5 6,0,90,,712,4,0,5 6,0,115,,713,4,,,0,85,,714,4,,,0,85,,716,4,,,0,85,,717,4,,,0,45,,718,4,,,0,75,,719,4,,,0,85,,720,4,,,0,40,,721,4,0,5 6,0,80,,722,4,0,5 6,0
2132000,'cal2-fri',628,,742,4,,,0,85,,746,4,,,0,90,,747,4,,,0,50,,748,4,,,0,90,,749,4,,,0,165,,750,4,,,0,50,,751,4,,,0,90,,752,4,,,0,90,,732,4,,,0,90,,733,4,,,0,90,,734,4,,,0,90,,735,4,,,0,50,,736,4,,,0,85,,737,4,,,0,170,,738,4,,,0,35,,739,4,,,0,90,,740,4,,,0,80,,741,4,,,0,85,,743,4,,,0,125,,744,4,,,0,120,,745,4,0,5 6,0
2132000,'cal3-sat',633,,765,4,,,0,85,,771,4,,,0,85,,772,4,,,0,45,,773,4,,,0,85,,774,4,0,5 6,0,170,,775,4,0,5 6,0,45,,776,4,,,0,85,,777,4,,,0,85,,755,4,,,0,85,,756,4,,,0,45,,757,4,,,0,85,,758,4,,,0,85,,759,4,,,0,85,,760,4,,,0,40,,761,4,0,5 6,0,90,,762,4,,,0,115,,763,4,,,0,85,,764,4,,,0,85,,766,4,,,0,85,,767,4,0,5 6,0,45,,768,4,,,0,160,,769,4,,,0,120,,770,4,0,5 6,0
2132000,'cal4-sun-3',633,,790,4,,,0,85,,793,4,,,0,85,,794,4,,,0,45,,795,4,,,0,85,,796,4,0,5 6,0,170,,797,4,0,5 6,0,45,,798,4,,,0,85,,799,4,,,0,85,,780,4,,,0,85,,781,4,,,0,45,,782,4,,,0,85,,783,4,,,0,85,,784,4,,,0,85,,785,4,,,0,40,,786,4,0,5 6,0,90,,787,4,0,5 6,0,115,,788,4,,,0,170,,789,4,,,0,130,,791,4,,,0,160,,792,4,0,5 6,0
2132000,'cal5-sat',633,,812,4,,,0,85,,823,4,,,0,85,,824,4,,,0,45,,825,4,,,0,85,,826,4,0,5 6,0,170,,828,4,0,5 6,0,20,,829,4,,,0,25,,802,4,,,0,85,,803,4,,,0,15,,804,4,,,0,70,,805,4,,,0,85,,806,4,,,0,45,,807,4,,,0,55,,808,4,,,0,30,,809,4,,,0,85,,810,4,,,0,15,,811,4,,,0,70,,813,4,,,0,40,,814,4,0,5 6,0,90,,815,4,,,0,115,,816,4,,,0,85,,817,4,,,0,85,,818,4,,,0,85,,819,4,0,5 6,0,45,,820,4,,,0,160,,821,4,,,0,120,,822,4,0,5 6,0
2132000,'cal6-sun',633,,842,4,,,0,85,,850,4,,,0,85,,851,4,,,0,45,,852,4,,,0,85,,853,4,0,5 6,0,170,,855,4,0,5 6,0,20,,856,4,,,0,25,,832,4,,,0,85,,833,4,,,0,15,,834,4,,,0,70,,835,4,,,0,85,,836,4,,,0,45,,837,4,,,0,55,,838,4,,,0,30,,839,4,,,0,85,,840,4,,,0,15,,841,4,,,0,70,,843,4,,,0,40,,844,4,0,5 6,0,90,,845,4,,,0,115,,846,4,,,0,170,,847,4,,,0,130,,848,4,,,0,160,,849,4,0,5 6,0
2132000,'cal7-sat',633,,869,4,,,0,85,,880,4,,,0,85,,883,4,,,0,45,,884,4,,,0,85,,885,4,0,5 6,0,170,,887,4,0,5 6,0,20,,888,4,,,0,25,,859,4,,,0,85,,860,4,,,0,15,,861,4,,,0,70,,862,4,,,0,85,,863,4,,,0,45,,864,4,,,0,55,,865,4,,,0,30,,866,4,,,0,85,,867,4,,,0,15,,868,4,,,0,70,,870,4,,,0,40,,871,4,0,5 6,0,60,,872,4,,,0,30,,873,4,,,0,91,,874,4,,,0,24,,875,4,,,0,85,,876,4,,,0,85,,877,4,,,0,85,,878,4,0,5 6,0,45,,879,4,,,0,160,,881,4,,,0,120,,882,4,0,5 6,0
2132000,'cal8-sun',633,,901,4,,,0,85,,912,4,,,0,85,,914,4,,,0,45,,915,4,,,0,85,,916,4,0,5 6,0,170,,918,4,0,5 6,0,20,,919,4,,,0,25,,891,4,,,0,85,,892,4,,,0,15,,893,4,,,0,70,,894,4,,,0,85,,895,4,,,0,45,,896,4,,,0,55,,897,4,,,0,30,,898,4,,,0,85,,899,4,,,0,15,,900,4,,,0,70,,902,4,,,0,40,,903,4,0,5 6,0,60,,904,4,,,0,30,,905,4,,,0,91,,906,4,,,0,24,,907,4,,,0,85,,908,4,,,0,85,,909,4,,,0,85,,910,4,0,5 6,0,45,,911,4,,,0,160,,913,4,0,5 6,0
2132000,'cal9-mon',628,,932,4,,,0,85,,939,4,,,0,90,,940,4,,,0,50,,941,4,,,0,90,,942,4,,,0,165,,943,4,,,0,50,,945,4,,,0,90,,922,4,,,0,55,,923,4,,,0,35,,924,4,,,0,90,,925,4,,,0,75,,926,4,,,0,15,,927,4,,,0,90,,928,4,,,0,30,,929,4,,,0,20,,930,4,,,0,85,,931,4,,,0,170,,933,4,,,0,125,,934,4,,,0,165,,935,4,,,0,125,,937,4,0,5 6,0,120,,938,4,0,5 6,0
