2132000,'cal1-mon-tue-wed-thu-1',535,,614,41,,,0,83,,615,41,,,0,82,,626,41,,,0,45,,627,41,,,0,90,,628,41,,,0,90,,629,41,,,0,93,,630,41,,,0,123,,631,41,,,0,92,,632,41,,,0,88,,633,41,,,0,90,,616,41,,,0,91,,617,41,,,0,51,,618,41,,,0,90,,619,41,,,0,90,,620,41,,,0,84,,621,41,,,0,127,,622,41,,,0,165,,623,41,,,0,125,,624,41,,,0,125,,625,41,0,5 6,0
2132000,'cal10-fri-1',535,,634,41,,,0,83,,635,41,,,0,82,,646,41,,,0,45,,648,41,,,0,90,,649,41,,,0,90,,650,41,,,0,93,,651,41,,,0,123,,652,41,,,0,92,,653,41,,,0,88,,654,41,,,0,90,,636,41,,,0,91,,637,41,,,0,51,,638,41,,,0,90,,639,41,,,0,90,,640,41,,,0,84,,641,41,,,0,127,,642,41,,,0,165,,643,41,,,0,125,,644,41,,,0,125,,645,41,,,0,160,,647,41,0,5 6,0
2132000,'cal11-sat-1',540,,655,41,,,0,83,,656,41,,,0,82,,667,41,,,0,45,,671,41,,,0,85,,672,41,,,0,85,,673,41,,,0,88,,674,41,0,5 6,0,129,,675,41,0,5 6,0,84,,676,41,,,0,86,,677,41,,,0,44,,657,41,,,0,86,,658,41,,,0,85,,659,41,,,0,86,,660,41,,,0,45,,661,41,,,0,85,,662,41,,,0,79,,663,41,0,5 6,0,87,,664,41,0,5 6,0,115,,665,41,,,0,130,,666,41,,,0,170,,668,41,,,0,120,,669,41,,,0,120,,670,41,0,5 6,0
2132000,'cal12-fri',535,,678,41,,,0,83,,679,41,,,0,82,,690,41,,,0,45,,696,41,,,0,90,,697,41,,,0,90,,698,41,,,0,93,,699,41,,,0,123,,700,41,,,0,92,,701,41,,,0,88,,702,41,,,0,90,,680,41,,,0,91,,681,41,,,0,51,,682,41,,,0,90,,683,41,,,0,90,,684,41,,,0,84,,685,41,,,0,127,,686,41,,,0,75,,687,41,,,0,90,,688,41,,,0,40,,689,41,,,0,85,,691,41,,,0,85,,692,41,,,0,40,,693,41,,,0,80,,694,41,,,0,80,,695,41,0,5 6,0
2132000,'cal13-sat',540,,703,41,,,0,83,,704,41,,,0,82,,715,41,,,0,45,,723,41,,,0,85,,724,41,,,0,85,,725,41,,,0,88,,726,41,0,5 6,0,129,,727,41,0,5 6,0,84,,728,41,,,0,86,,729,41,,,0,44,,705,41,,,0,86,,706,41,,,0,85,,707,41,,,0,86,,708,41,,,0,45,,709,41,,,0,85,,710,41,,,0,79,,711,41,0,5 6,0,87,,712,41,0,5 6,0,115,,713,41,,,0,85,,714,41,,,0,45,,716,41,,,0,85,,717,41,,,0,85,,718,41,,,0,35,,719,41,,,0,85,,720,41,,,0,80,,721,41,0,5 6,0,40,,722,41,0,5 6,0
2132000,'cal2-fri',535,,730,41,,,0,83,,731,41,,,0,82,,742,41,,,0,45,,746,41,,,0,90,,747,41,,,0,90,,748,41,,,0,93,,749,41,,,0,123,,750,41,,,0,92,,751,41,,,0,88,,752,41,,,0,90,,732,41,,,0,91,,733,41,,,0,51,,734,41,,,0,90,,735,41,,,0,90,,736,41,,,0,84,,737,41,,,0,127,,738,41,,,0,75,,739,41,,,0,90,,740,41,,,0,40,,741,41,,,0,85,,743,41,,,0,125,,744,41,,,0,160,,745,41,0,5 6,0
2132000,'cal3-sat',540,,753,41,,,0,83,,754,41,,,0,82,,765,41,,,0,45,,771,41,,,0,85,,772,41,,,0,85,,773,41,,,0,88,,774,41,0,5 6,0,129,,775,41,0,5 6,0,84,,776,41,,,0,86,,777,41,,,0,44,,755,41,,,0,86,,756,41,,,0,85,,757,41,,,0,86,,758,41,,,0,45,,759,41,,,0,85,,760,41,,,0,79,,761,41,0,5 6,0,87,,762,41,,,0,115,,763,41,,,0,85,,764,41,,,0,45,,766,41,,,0,85,,767,41,0,5 6,0,85,,768,41,,,0,120,,769,41,,,0,120,,770,41,0,5 6,0
2132000,'cal4-sun-3',540,,778,41,,,0,83,,779,41,,,0,82,,790,41,,,0,45,,793,41,,,0,85,,794,41,,,0,85,,795,41,,,0,88,,796,41,0,5 6,0,129,,797,41,0,5 6,0,84,,798,41,,,0,86,,799,41,,,0,44,,780,41,,,0,86,,781,41,,,0,85,,782,41,,,0,86,,783,41,,,0,45,,784,41,,,0,85,,785,41,,,0,79,,786,41,0,5 6,0,87,,787,41,0,5 6,0,115,,788,41,,,0,130,,789,41,,,0,170,,791,41,,,0,120,,792,41,0,5 6,0
2132000,'cal5-sat',540,,800,41,,,0,83,,801,41,,,0,82,,812,41,,,0,45,,823,41,,,0,85,,824,41,,,0,85,,825,41,,,0,88,,826,41,0,5 6,0,24,,827,41,,,0,105,,828,41,0,5 6,0,19,,829,41,,,0,65,,802,41,,,0,86,,803,41,,,0,14,,804,41,,,0,30,,805,41,,,0,86,,806,41,,,0,85,,807,41,,,0,16,,808,41,,,0,70,,809,41,,,0,45,,810,41,,,0,55,,811,41,,,0,30,,813,41,,,0,79,,814,41,0,5 6,0,87,,815,41,,,0,115,,816,41,,,0,85,,817,41,,,0,45,,818,41,,,0,85,,819,41,0,5 6,0,85,,820,41,,,0,120,,821,41,,,0,120,,822,41,0,5 6,0
2132000,'cal6-sun',540,,830,41,,,0,83,,831,41,,,0,82,,842,41,,,0,45,,850,41,,,0,85,,851,41,,,0,85,,852,41,,,0,88,,853,41,0,5 6,0,24,,854,41,,,0,105,,855,41,0,5 6,0,19,,856,41,,,0,65,,832,41,,,0,86,,833,41,,,0,14,,834,41,,,0,30,,835,41,,,0,86,,836,41,,,0,85,,837,41,,,0,16,,838,41,,,0,70,,839,41,,,0,45,,840,41,,,0,55,,841,41,,,0,30,,843,41,,,0,79,,844,41,0,5 6,0,87,,845,41,,,0,115,,846,41,,,0,130,,847,41,,,0,170,,848,41,,,0,120,,849,41,0,5 6,0
2132000,'cal7-sat',540,,857,41,,,0,83,,858,41,,,0,82,,869,41,,,0,45,,880,41,,,0,85,,883,41,,,0,85,,884,41,,,0,88,,885,41,0,5 6,0,24,,886,41,,,0,105,,887,41,0,5 6,0,19,,888,41,,,0,65,,859,41,,,0,86,,860,41,,,0,14,,861,41,,,0,30,,862,41,,,0,86,,863,41,,,0,85,,864,41,,,0,16,,865,41,,,0,70,,866,41,,,0,45,,867,41,,,0,55,,868,41,,,0,30,,870,41,,,0,79,,871,41,0,5 6,0,18,,872,41,,,0,69,,873,41,,,0,51,,874,41,,,0,64,,875,41,,,0,85,,876,41,,,0,45,,877,41,,,0,85,,878,41,0,5 6,0,85,,879,41,,,0,120,,881,41,,,0,120,,882,41,0,5 6,0
2132000,'cal8-sun',540,,889,41,,,0,83,,890,41,,,0,82,,901,41,,,0,45,,912,41,,,0,85,,914,41,,,0,85,,915,41,,,0,88,,916,41,0,5 6,0,24,,917,41,,,0,105,,918,41,0,5 6,0,19,,919,41,,,0,65,,891,41,,,0,86,,892,41,,,0,14,,893,41,,,0,30,,894,41,,,0,86,,895,41,,,0,85,,896,41,,,0,16,,897,41,,,0,70,,898,41,,,0,45,,899,41,,,0,55,,900,41,,,0,30,,902,41,,,0,79,,903,41,0,5 6,0,18,,904,41,,,0,69,,905,41,,,0,51,,906,41,,,0,64,,907,41,,,0,85,,908,41,,,0,45,,909,41,,,0,85,,910,41,0,5 6,0,85,,911,41,,,0,120,,913,41,0,5 6,0
2132000,'cal9-mon',535,,920,41,,,0,83,,921,41,,,0,82,,932,41,,,0,45,,939,41,,,0,90,,940,41,,,0,90,,941,41,,,0,93,,942,41,,,0,123,,943,41,,,0,61,,944,41,,,0,31,,945,41,,,0,88,,922,41,,,0,15,,923,41,,,0,75,,924,41,,,0,91,,925,41,,,0,36,,926,41,,,0,15,,927,41,,,0,90,,928,41,,,0,70,,929,41,,,0,20,,930,41,,,0,84,,931,41,,,0,127,,933,41,,,0,165,,934,41,,,0,125,,935,41,,,0,125,,937,41,0,5 6,0,160,,938,41,0,5 6,0
