2132000,'cal1-mon-tue-wed-thu-1',559,,614,65,,,0,83,,615,65,,,0,82,,626,65,,,0,94,,627,65,,,0,90,,628,65,,,0,48,,629,65,,,0,93,,630,65,,,0,163,,631,65,,,0,92,,632,65,,,0,48,,633,65,,,0,90,,616,65,,,0,92,,617,65,,,0,92,,618,65,,,0,90,,619,65,,,0,89,,620,65,,,0,202,,622,65,,,0,125,,623,65,,,0,123,,624,65,,,0
2132000,'cal10-fri-1',559,,634,65,,,0,83,,635,65,,,0,82,,646,65,,,0,94,,648,65,,,0,90,,649,65,,,0,48,,650,65,,,0,93,,651,65,,,0,163,,652,65,,,0,92,,653,65,,,0,48,,654,65,,,0,90,,636,65,,,0,92,,637,65,,,0,92,,638,65,,,0,90,,639,65,,,0,89,,640,65,,,0,202,,642,65,,,0,125,,643,65,,,0,123,,644,65,,,0,165,,645,65,,,0
2132000,'cal11-sat-1',604,,655,65,,,0,43,,656,65,,,0,82,,667,65,,,0,85,,671,65,,,0,45,,672,65,,,0,85,,673,65,,,0,88,,674,65,0,5 6,0,169,,675,65,0,5 6,0,44,,676,65,,,0,86,,677,65,,,0,84,,657,65,,,0,86,,658,65,,,0,47,,659,65,,,0,84,,660,65,,,0,85,,661,65,,,0,85,,662,65,,,0,38,,663,65,0,5 6,0,202,,665,65,,,0,170,,666,65,,,0,128,,668,65,,,0,160,,669,65,,,0
2132000,'cal12-fri',559,,678,65,,,0,83,,679,65,,,0,82,,690,65,,,0,94,,696,65,,,0,90,,697,65,,,0,48,,698,65,,,0,93,,699,65,,,0,163,,700,65,,,0,92,,701,65,,,0,48,,702,65,,,0,90,,680,65,,,0,92,,681,65,,,0,92,,682,65,,,0,90,,683,65,,,0,89,,684,65,,,0,35,,685,65,,,0,167,,686,65,,,0,35,,687,65,,,0,90,,688,65,,,0,80,,689,65,,,0,43,,691,65,,,0,85,,692,65,,,0,80,,693,65,,,0
2132000,'cal13-sat',604,,703,65,,,0,43,,704,65,,,0,82,,715,65,,,0,85,,723,65,,,0,45,,724,65,,,0,85,,725,65,,,0,88,,726,65,0,5 6,0,169,,727,65,0,5 6,0,44,,728,65,,,0,86,,729,65,,,0,84,,705,65,,,0,86,,706,65,,,0,47,,707,65,,,0,84,,708,65,,,0,85,,709,65,,,0,85,,710,65,,,0,38,,711,65,0,5 6,0,87,,712,65,0,5 6,0,115,,713,65,,,0,85,,714,65,,,0,85,,716,65,,,0,45,,717,65,,,0,83,,718,65,,,0,75,,719,65,,,0,85,,720,65,,,0
2132000,'cal2-fri',559,,730,65,,,0,83,,731,65,,,0,82,,742,65,,,0,94,,746,65,,,0,90,,747,65,,,0,48,,748,65,,,0,93,,749,65,,,0,163,,750,65,,,0,92,,751,65,,,0,48,,752,65,,,0,90,,732,65,,,0,92,,733,65,,,0,92,,734,65,,,0,90,,735,65,,,0,89,,736,65,,,0,35,,737,65,,,0,167,,738,65,,,0,35,,739,65,,,0,90,,740,65,,,0,123,,743,65,,,0,165,,744,65,,,0
2132000,'cal3-sat',604,,753,65,,,0,43,,754,65,,,0,82,,765,65,,,0,85,,771,65,,,0,45,,772,65,,,0,85,,773,65,,,0,88,,774,65,0,5 6,0,169,,775,65,0,5 6,0,44,,776,65,,,0,86,,777,65,,,0,84,,755,65,,,0,86,,756,65,,,0,47,,757,65,,,0,84,,758,65,,,0,85,,759,65,,,0,85,,760,65,,,0,38,,761,65,0,5 6,0,87,,762,65,,,0,115,,763,65,,,0,85,,764,65,,,0,85,,766,65,,,0,128,,768,65,,,0,160,,769,65,,,0
2132000,'cal4-sun-3',604,,778,65,,,0,43,,779,65,,,0,82,,790,65,,,0,85,,793,65,,,0,45,,794,65,,,0,85,,795,65,,,0,88,,796,65,0,5 6,0,169,,797,65,0,5 6,0,44,,798,65,,,0,86,,799,65,,,0,84,,780,65,,,0,86,,781,65,,,0,47,,782,65,,,0,84,,783,65,,,0,85,,784,65,,,0,85,,785,65,,,0,38,,786,65,0,5 6,0,202,,788,65,,,0,170,,789,65,,,0,128,,791,65,,,0
2132000,'cal5-sat',604,,800,65,,,0,43,,801,65,,,0,82,,812,65,,,0,85,,823,65,,,0,45,,824,65,,,0,85,,825,65,,,0,88,,826,65,0,5 6,0,24,,827,65,,,0,145,,828,65,0,5 6,0,19,,829,65,,,0,25,,802,65,,,0,86,,803,65,,,0,14,,804,65,,,0,70,,805,65,,,0,86,,806,65,,,0,47,,807,65,,,0,55,,808,65,,,0,29,,809,65,,,0,85,,810,65,,,0,15,,811,65,,,0,70,,813,65,,,0,38,,814,65,0,5 6,0,87,,815,65,,,0,115,,816,65,,,0,85,,817,65,,,0,85,,818,65,,,0,128,,820,65,,,0,160,,821,65,,,0
2132000,'cal6-sun',604,,830,65,,,0,43,,831,65,,,0,82,,842,65,,,0,85,,850,65,,,0,45,,851,65,,,0,85,,852,65,,,0,88,,853,65,0,5 6,0,24,,854,65,,,0,145,,855,65,0,5 6,0,19,,856,65,,,0,25,,832,65,,,0,86,,833,65,,,0,14,,834,65,,,0,70,,835,65,,,0,86,,836,65,,,0,47,,837,65,,,0,55,,838,65,,,0,29,,839,65,,,0,85,,840,65,,,0,15,,841,65,,,0,70,,843,65,,,0,38,,844,65,0,5 6,0,202,,846,65,,,0,170,,847,65,,,0,128,,848,65,,,0
2132000,'cal7-sat',604,,857,65,,,0,43,,858,65,,,0,82,,869,65,,,0,85,,880,65,,,0,45,,883,65,,,0,85,,884,65,,,0,88,,885,65,0,5 6,0,24,,886,65,,,0,145,,887,65,0,5 6,0,19,,888,65,,,0,25,,859,65,,,0,86,,860,65,,,0,14,,861,65,,,0,70,,862,65,,,0,86,,863,65,,,0,47,,864,65,,,0,55,,865,65,,,0,29,,866,65,,,0,85,,867,65,,,0,15,,868,65,,,0,70,,870,65,,,0,38,,871,65,0,5 6,0,18,,872,65,,,0,69,,873,65,,,0,115,,875,65,,,0,85,,876,65,,,0,85,,877,65,,,0,128,,879,65,,,0,160,,881,65,,,0
2132000,'cal8-sun',604,,889,65,,,0,43,,890,65,,,0,82,,901,65,,,0,85,,912,65,,,0,45,,914,65,,,0,85,,915,65,,,0,88,,916,65,0,5 6,0,24,,917,65,,,0,145,,918,65,0,5 6,0,19,,919,65,,,0,25,,891,65,,,0,86,,892,65,,,0,14,,893,65,,,0,70,,894,65,,,0,86,,895,65,,,0,47,,896,65,,,0,55,,897,65,,,0,29,,898,65,,,0,85,,899,65,,,0,15,,900,65,,,0,70,,902,65,,,0,38,,903,65,0,5 6,0,18,,904,65,,,0,69,,905,65,,,0,115,,907,65,,,0,85,,908,65,,,0,85,,909,65,,,0,128,,911,65,,,0
2132000,'cal9-mon',559,,920,65,,,0,83,,921,65,,,0,82,,932,65,,,0,94,,939,65,,,0,90,,940,65,,,0,48,,941,65,,,0,93,,942,65,,,0,163,,943,65,,,0,21,,944,65,,,0,71,,945,65,,,0,48,,922,65,,,0,55,,923,65,,,0,35,,924,65,,,0,92,,925,65,,,0,77,,926,65,,,0,15,,927,65,,,0,90,,928,65,,,0,29,,929,65,,,0,60,,930,65,,,0,202,,933,65,,,0,125,,934,65,,,0,123,,935,65,,,0,165,,936,65,,,0
