2132000,'cal1-mon-tue-wed-thu-1',630,,626,7,,,0,85,,627,7,,,0,90,,628,7,,,0,50,,629,7,,,0,90,,630,7,,,0,165,,631,7,,,0,90,,632,7,,,0,50,,633,7,,,0,90,,616,7,,,0,90,,617,7,,,0,91,,618,7,,,0,90,,619,7,,,0,90,,620,7,,,0,45,,621,7,,,0,169,,622,7,,,0,125,,623,7,,,0,165,,624,7,,,0,125,,625,7,0,5 6,0
2132000,'cal10-fri-1',630,,646,7,,,0,85,,648,7,,,0,90,,649,7,,,0,50,,650,7,,,0,90,,651,7,,,0,165,,652,7,,,0,90,,653,7,,,0,50,,654,7,,,0,90,,636,7,,,0,90,,637,7,,,0,91,,638,7,,,0,90,,639,7,,,0,90,,640,7,,,0,45,,641,7,,,0,169,,642,7,,,0,125,,643,7,,,0,165,,644,7,,,0,125,,645,7,,,0,120,,647,7,0,5 6,0
2132000,'cal11-sat-1',635,,667,7,,,0,85,,671,7,,,0,85,,672,7,,,0,45,,673,7,,,0,85,,674,7,0,5 6,0,170,,675,7,0,5 6,0,45,,676,7,,,0,85,,677,7,,,0,85,,657,7,,,0,85,,658,7,,,0,45,,659,7,,,0,86,,660,7,,,0,85,,661,7,,,0,85,,662,7,,,0,40,,663,7,0,5 6,0,89,,664,7,0,5 6,0,115,,665,7,,,0,170,,666,7,,,0,130,,668,7,,,0,160,,669,7,,,0,120,,670,7,0,5 6,0
2132000,'cal12-fri',630,,690,7,,,0,85,,696,7,,,0,90,,697,7,,,0,50,,698,7,,,0,90,,699,7,,,0,165,,700,7,,,0,90,,701,7,,,0,50,,702,7,,,0,90,,680,7,,,0,90,,681,7,,,0,91,,682,7,,,0,90,,683,7,,,0,90,,684,7,,,0,45,,685,7,,,0,169,,686,7,,,0,35,,687,7,,,0,90,,688,7,,,0,80,,689,7,,,0,85,,691,7,,,0,45,,692,7,,,0,80,,693,7,,,0,80,,694,7,,,0,40,,695,7,0,5 6,0
2132000,'cal13-sat',635,,715,7,,,0,85,,723,7,,,0,85,,724,7,,,0,45,,725,7,,,0,85,,726,7,0,5 6,0,170,,727,7,0,5 6,0,45,,728,7,,,0,85,,729,7,,,0,85,,705,7,,,0,85,,706,7,,,0,45,,707,7,,,0,86,,708,7,,,0,85,,709,7,,,0,85,,710,7,,,0,40,,711,7,0,5 6,0,89,,712,7,0,5 6,0,115,,713,7,,,0,85,,714,7,,,0,85,,716,7,,,0,85,,717,7,,,0,45,,718,7,,,0,75,,719,7,,,0,85,,720,7,,,0,40,,721,7,0,5 6,0,80,,722,7,0,5 6,0
2132000,'cal2-fri',630,,742,7,,,0,85,,746,7,,,0,90,,747,7,,,0,50,,748,7,,,0,90,,749,7,,,0,165,,750,7,,,0,90,,751,7,,,0,50,,752,7,,,0,90,,732,7,,,0,90,,733,7,,,0,91,,734,7,,,0,90,,735,7,,,0,90,,736,7,,,0,45,,737,7,,,0,169,,738,7,,,0,35,,739,7,,,0,90,,740,7,,,0,80,,741,7,,,0,85,,743,7,,,0,125,,744,7,,,0,120,,745,7,0,5 6,0
2132000,'cal3-sat',635,,765,7,,,0,85,,771,7,,,0,85,,772,7,,,0,45,,773,7,,,0,85,,774,7,0,5 6,0,170,,775,7,0,5 6,0,45,,776,7,,,0,85,,777,7,,,0,85,,755,7,,,0,85,,756,7,,,0,45,,757,7,,,0,86,,758,7,,,0,85,,759,7,,,0,85,,760,7,,,0,40,,761,7,0,5 6,0,89,,762,7,,,0,115,,763,7,,,0,85,,764,7,,,0,85,,766,7,,,0,85,,767,7,0,5 6,0,45,,768,7,,,0,160,,769,7,,,0,120,,770,7,0,5 6,0
2132000,'cal4-sun-3',635,,790,7,,,0,85,,793,7,,,0,85,,794,7,,,0,45,,795,7,,,0,85,,796,7,0,5 6,0,170,,797,7,0,5 6,0,45,,798,7,,,0,85,,799,7,,,0,85,,780,7,,,0,85,,781,7,,,0,45,,782,7,,,0,86,,783,7,,,0,85,,784,7,,,0,85,,785,7,,,0,40,,786,7,0,5 6,0,89,,787,7,0,5 6,0,115,,788,7,,,0,170,,789,7,,,0,130,,791,7,,,0,160,,792,7,0,5 6,0
2132000,'cal5-sat',635,,812,7,,,0,85,,823,7,,,0,85,,824,7,,,0,45,,825,7,,,0,85,,826,7,0,5 6,0,170,,828,7,0,5 6,0,20,,829,7,,,0,25,,802,7,,,0,85,,803,7,,,0,15,,804,7,,,0,70,,805,7,,,0,85,,806,7,,,0,45,,807,7,,,0,56,,808,7,,,0,30,,809,7,,,0,85,,810,7,,,0,15,,811,7,,,0,70,,813,7,,,0,40,,814,7,0,5 6,0,89,,815,7,,,0,115,,816,7,,,0,85,,817,7,,,0,85,,818,7,,,0,85,,819,7,0,5 6,0,45,,820,7,,,0,160,,821,7,,,0,120,,822,7,0,5 6,0
2132000,'cal6-sun',635,,842,7,,,0,85,,850,7,,,0,85,,851,7,,,0,45,,852,7,,,0,85,,853,7,0,5 6,0,170,,855,7,0,5 6,0,20,,856,7,,,0,25,,832,7,,,0,85,,833,7,,,0,15,,834,7,,,0,70,,835,7,,,0,85,,836,7,,,0,45,,837,7,,,0,56,,838,7,,,0,30,,839,7,,,0,85,,840,7,,,0,15,,841,7,,,0,70,,843,7,,,0,40,,844,7,0,5 6,0,89,,845,7,,,0,115,,846,7,,,0,170,,847,7,,,0,130,,848,7,,,0,160,,849,7,0,5 6,0
2132000,'cal7-sat',635,,869,7,,,0,85,,880,7,,,0,85,,883,7,,,0,45,,884,7,,,0,85,,885,7,0,5 6,0,170,,887,7,0,5 6,0,20,,888,7,,,0,25,,859,7,,,0,85,,860,7,,,0,15,,861,7,,,0,70,,862,7,,,0,85,,863,7,,,0,45,,864,7,,,0,56,,865,7,,,0,30,,866,7,,,0,85,,867,7,,,0,15,,868,7,,,0,70,,870,7,,,0,40,,871,7,0,5 6,0,60,,872,7,,,0,29,,873,7,,,0,91,,874,7,,,0,24,,875,7,,,0,85,,876,7,,,0,85,,877,7,,,0,85,,878,7,0,5 6,0,45,,879,7,,,0,160,,881,7,,,0,120,,882,7,0,5 6,0
2132000,'cal8-sun',635,,901,7,,,0,85,,912,7,,,0,85,,914,7,,,0,45,,915,7,,,0,85,,916,7,0,5 6,0,170,,918,7,0,5 6,0,20,,919,7,,,0,25,,891,7,,,0,85,,892,7,,,0,15,,893,7,,,0,70,,894,7,,,0,85,,895,7,,,0,45,,896,7,,,0,56,,897,7,,,0,30,,898,7,,,0,85,,899,7,,,0,15,,900,7,,,0,70,,902,7,,,0,40,,903,7,0,5 6,0,60,,904,7,,,0,29,,905,7,,,0,91,,906,7,,,0,24,,907,7,,,0,85,,908,7,,,0,85,,909,7,,,0,85,,910,7,0,5 6,0,45,,911,7,,,0,160,,913,7,0,5 6,0
2132000,'cal9-mon',630,,932,7,,,0,85,,939,7,,,0,90,,940,7,,,0,50,,941,7,,,0,90,,942,7,,,0,165,,943,7,,,0,90,,945,7,,,0,50,,922,7,,,0,55,,923,7,,,0,35,,924,7,,,0,90,,925,7,,,0,76,,926,7,,,0,15,,927,7,,,0,90,,928,7,,,0,30,,929,7,,,0,60,,930,7,,,0,45,,931,7,,,0,169,,933,7,,,0,125,,934,7,,,0,165,,935,7,,,0,125,,937,7,0,5 6,0,120,,938,7,0,5 6,0
