2132000,'cal1-mon-tue-wed-thu-1',536,,614,43,,,0,83,,615,43,,,0,82,,626,43,,,0,46,,627,43,,,0,90,,628,43,,,0,90,,629,43,,,0,93,,630,43,,,0,123,,631,43,,,0,92,,632,43,,,0,88,,633,43,,,0,90,,616,43,,,0,91,,617,43,,,0,51,,618,43,,,0,90,,619,43,,,0,90,,620,43,,,0,83,,621,43,,,0,127,,622,43,,,0,165,,623,43,,,0,125,,624,43,,,0,165,,625,43,0,5 6,0
2132000,'cal10-fri-1',536,,634,43,,,0,83,,635,43,,,0,82,,646,43,,,0,46,,648,43,,,0,90,,649,43,,,0,90,,650,43,,,0,93,,651,43,,,0,123,,652,43,,,0,92,,653,43,,,0,88,,654,43,,,0,90,,636,43,,,0,91,,637,43,,,0,51,,638,43,,,0,90,,639,43,,,0,90,,640,43,,,0,83,,641,43,,,0,127,,642,43,,,0,165,,643,43,,,0,125,,644,43,,,0,165,,645,43,,,0,120,,647,43,0,5 6,0
2132000,'cal11-sat-1',541,,655,43,,,0,83,,656,43,,,0,82,,667,43,,,0,45,,671,43,,,0,85,,672,43,,,0,85,,673,43,,,0,88,,674,43,0,5 6,0,129,,675,43,0,5 6,0,84,,676,43,,,0,86,,677,43,,,0,44,,657,43,,,0,86,,658,43,,,0,86,,659,43,,,0,85,,660,43,,,0,45,,661,43,,,0,85,,662,43,,,0,79,,663,43,0,5 6,0,87,,664,43,0,5 6,0,115,,665,43,,,0,130,,666,43,,,0,170,,668,43,,,0,120,,669,43,,,0,160,,670,43,0,5 6,0
2132000,'cal12-fri',536,,678,43,,,0,83,,679,43,,,0,82,,690,43,,,0,46,,696,43,,,0,90,,697,43,,,0,90,,698,43,,,0,93,,699,43,,,0,123,,700,43,,,0,92,,701,43,,,0,88,,702,43,,,0,90,,680,43,,,0,91,,681,43,,,0,51,,682,43,,,0,90,,683,43,,,0,90,,684,43,,,0,83,,685,43,,,0,127,,686,43,,,0,75,,687,43,,,0,90,,688,43,,,0,40,,689,43,,,0,85,,691,43,,,0,85,,692,43,,,0,80,,693,43,,,0,40,,694,43,,,0,80,,695,43,0,5 6,0
2132000,'cal13-sat',541,,703,43,,,0,83,,704,43,,,0,82,,715,43,,,0,45,,723,43,,,0,85,,724,43,,,0,85,,725,43,,,0,88,,726,43,0,5 6,0,129,,727,43,0,5 6,0,84,,728,43,,,0,86,,729,43,,,0,44,,705,43,,,0,86,,706,43,,,0,86,,707,43,,,0,85,,708,43,,,0,45,,709,43,,,0,85,,710,43,,,0,79,,711,43,0,5 6,0,87,,712,43,0,5 6,0,115,,713,43,,,0,85,,714,43,,,0,45,,716,43,,,0,85,,717,43,,,0,85,,718,43,,,0,35,,719,43,,,0,85,,720,43,,,0,80,,721,43,0,5 6,0,80,,722,43,0,5 6,0
2132000,'cal2-fri',536,,730,43,,,0,83,,731,43,,,0,82,,742,43,,,0,46,,746,43,,,0,90,,747,43,,,0,90,,748,43,,,0,93,,749,43,,,0,123,,750,43,,,0,92,,751,43,,,0,88,,752,43,,,0,90,,732,43,,,0,91,,733,43,,,0,51,,734,43,,,0,90,,735,43,,,0,90,,736,43,,,0,83,,737,43,,,0,127,,738,43,,,0,75,,739,43,,,0,90,,740,43,,,0,40,,741,43,,,0,85,,743,43,,,0,165,,744,43,,,0,120,,745,43,0,5 6,0
2132000,'cal3-sat',541,,753,43,,,0,83,,754,43,,,0,82,,765,43,,,0,45,,771,43,,,0,85,,772,43,,,0,85,,773,43,,,0,88,,774,43,0,5 6,0,129,,775,43,0,5 6,0,84,,776,43,,,0,86,,777,43,,,0,44,,755,43,,,0,86,,756,43,,,0,86,,757,43,,,0,85,,758,43,,,0,45,,759,43,,,0,85,,760,43,,,0,79,,761,43,0,5 6,0,87,,762,43,,,0,115,,763,43,,,0,85,,764,43,,,0,45,,766,43,,,0,85,,767,43,0,5 6,0,85,,768,43,,,0,120,,769,43,,,0,160,,770,43,0,5 6,0
2132000,'cal4-sun-3',541,,778,43,,,0,83,,779,43,,,0,82,,790,43,,,0,45,,793,43,,,0,85,,794,43,,,0,85,,795,43,,,0,88,,796,43,0,5 6,0,129,,797,43,0,5 6,0,84,,798,43,,,0,86,,799,43,,,0,44,,780,43,,,0,86,,781,43,,,0,86,,782,43,,,0,85,,783,43,,,0,45,,784,43,,,0,85,,785,43,,,0,79,,786,43,0,5 6,0,87,,787,43,0,5 6,0,115,,788,43,,,0,130,,789,43,,,0,170,,791,43,,,0,120,,792,43,0,5 6,0
2132000,'cal5-sat',541,,800,43,,,0,83,,801,43,,,0,82,,812,43,,,0,45,,823,43,,,0,85,,824,43,,,0,85,,825,43,,,0,88,,826,43,0,5 6,0,24,,827,43,,,0,105,,828,43,0,5 6,0,19,,829,43,,,0,65,,802,43,,,0,86,,803,43,,,0,14,,804,43,,,0,30,,805,43,,,0,86,,806,43,,,0,86,,807,43,,,0,16,,808,43,,,0,69,,809,43,,,0,45,,810,43,,,0,55,,811,43,,,0,30,,813,43,,,0,79,,814,43,0,5 6,0,87,,815,43,,,0,115,,816,43,,,0,85,,817,43,,,0,45,,818,43,,,0,85,,819,43,0,5 6,0,85,,820,43,,,0,120,,821,43,,,0,160,,822,43,0,5 6,0
2132000,'cal6-sun',541,,830,43,,,0,83,,831,43,,,0,82,,842,43,,,0,45,,850,43,,,0,85,,851,43,,,0,85,,852,43,,,0,88,,853,43,0,5 6,0,24,,854,43,,,0,105,,855,43,0,5 6,0,19,,856,43,,,0,65,,832,43,,,0,86,,833,43,,,0,14,,834,43,,,0,30,,835,43,,,0,86,,836,43,,,0,86,,837,43,,,0,16,,838,43,,,0,69,,839,43,,,0,45,,840,43,,,0,55,,841,43,,,0,30,,843,43,,,0,79,,844,43,0,5 6,0,87,,845,43,,,0,115,,846,43,,,0,130,,847,43,,,0,170,,848,43,,,0,120,,849,43,0,5 6,0
2132000,'cal7-sat',541,,857,43,,,0,83,,858,43,,,0,82,,869,43,,,0,45,,880,43,,,0,85,,883,43,,,0,85,,884,43,,,0,88,,885,43,0,5 6,0,24,,886,43,,,0,105,,887,43,0,5 6,0,19,,888,43,,,0,65,,859,43,,,0,86,,860,43,,,0,14,,861,43,,,0,30,,862,43,,,0,86,,863,43,,,0,86,,864,43,,,0,16,,865,43,,,0,69,,866,43,,,0,45,,867,43,,,0,55,,868,43,,,0,30,,870,43,,,0,79,,871,43,0,5 6,0,18,,872,43,,,0,69,,873,43,,,0,51,,874,43,,,0,64,,875,43,,,0,85,,876,43,,,0,45,,877,43,,,0,85,,878,43,0,5 6,0,85,,879,43,,,0,120,,881,43,,,0,160,,882,43,0,5 6,0
2132000,'cal8-sun',541,,889,43,,,0,83,,890,43,,,0,82,,901,43,,,0,45,,912,43,,,0,85,,914,43,,,0,85,,915,43,,,0,88,,916,43,0,5 6,0,24,,917,43,,,0,105,,918,43,0,5 6,0,19,,919,43,,,0,65,,891,43,,,0,86,,892,43,,,0,14,,893,43,,,0,30,,894,43,,,0,86,,895,43,,,0,86,,896,43,,,0,16,,897,43,,,0,69,,898,43,,,0,45,,899,43,,,0,55,,900,43,,,0,30,,902,43,,,0,79,,903,43,0,5 6,0,18,,904,43,,,0,69,,905,43,,,0,51,,906,43,,,0,64,,907,43,,,0,85,,908,43,,,0,45,,909,43,,,0,85,,910,43,0,5 6,0,85,,911,43,,,0,120,,913,43,0,5 6,0
2132000,'cal9-mon',536,,920,43,,,0,83,,921,43,,,0,82,,932,43,,,0,46,,939,43,,,0,90,,940,43,,,0,90,,941,43,,,0,93,,942,43,,,0,123,,943,43,,,0,61,,944,43,,,0,31,,945,43,,,0,88,,922,43,,,0,15,,923,43,,,0,75,,924,43,,,0,91,,925,43,,,0,36,,926,43,,,0,15,,927,43,,,0,90,,928,43,,,0,70,,929,43,,,0,20,,930,43,,,0,83,,931,43,,,0,127,,933,43,,,0,165,,934,43,,,0,125,,935,43,,,0,165,,937,43,0,5 6,0,120,,938,43,0,5 6,0
