2132000,'cal1-mon-tue-wed-thu-1',547,,614,53,,,0,83,,615,53,,,0,82,,626,53,,,0,94,,627,53,,,0,50,,628,53,,,0,88,,629,53,,,0,93,,630,53,,,0,163,,631,53,,,0,52,,632,53,,,0,88,,633,53,,,0,90,,616,53,,,0,92,,617,53,,,0,92,,618,53,,,0,90,,619,53,,,0,49,,620,53,,,0,203,,622,53,,,0,165,,623,53,,,0,125,,624,53,,,0
2132000,'cal10-fri-1',547,,634,53,,,0,83,,635,53,,,0,82,,646,53,,,0,94,,648,53,,,0,50,,649,53,,,0,88,,650,53,,,0,93,,651,53,,,0,163,,652,53,,,0,52,,653,53,,,0,88,,654,53,,,0,90,,636,53,,,0,92,,637,53,,,0,92,,638,53,,,0,90,,639,53,,,0,49,,640,53,,,0,203,,642,53,,,0,165,,643,53,,,0,125,,644,53,,,0,165,,645,53,,,0
2132000,'cal11-sat-1',552,,655,53,,,0,83,,656,53,,,0,82,,667,53,,,0,85,,671,53,,,0,45,,672,53,,,0,85,,673,53,,,0,88,,674,53,0,5 6,0,129,,675,53,0,5 6,0,84,,676,53,,,0,86,,677,53,,,0,84,,657,53,,,0,46,,658,53,,,0,87,,659,53,,,0,84,,660,53,,,0,85,,661,53,,,0,45,,662,53,,,0,79,,663,53,0,5 6,0,202,,665,53,,,0,170,,666,53,,,0,130,,668,53,,,0,120,,669,53,,,0
2132000,'cal12-fri',547,,678,53,,,0,83,,679,53,,,0,82,,690,53,,,0,94,,696,53,,,0,50,,697,53,,,0,88,,698,53,,,0,93,,699,53,,,0,163,,700,53,,,0,52,,701,53,,,0,88,,702,53,,,0,90,,680,53,,,0,92,,681,53,,,0,92,,682,53,,,0,90,,683,53,,,0,49,,684,53,,,0,76,,685,53,,,0,127,,686,53,,,0,75,,687,53,,,0,90,,688,53,,,0,80,,689,53,,,0,45,,691,53,,,0,85,,692,53,,,0,80,,693,53,,,0
2132000,'cal13-sat',552,,703,53,,,0,83,,704,53,,,0,82,,715,53,,,0,85,,723,53,,,0,45,,724,53,,,0,85,,725,53,,,0,88,,726,53,0,5 6,0,129,,727,53,0,5 6,0,84,,728,53,,,0,86,,729,53,,,0,84,,705,53,,,0,46,,706,53,,,0,87,,707,53,,,0,84,,708,53,,,0,85,,709,53,,,0,45,,710,53,,,0,79,,711,53,0,5 6,0,87,,712,53,0,5 6,0,115,,713,53,,,0,85,,714,53,,,0,85,,716,53,,,0,45,,717,53,,,0,85,,718,53,,,0,75,,719,53,,,0,45,,720,53,,,0
2132000,'cal2-fri',547,,730,53,,,0,83,,731,53,,,0,82,,742,53,,,0,94,,746,53,,,0,50,,747,53,,,0,88,,748,53,,,0,93,,749,53,,,0,163,,750,53,,,0,52,,751,53,,,0,88,,752,53,,,0,90,,732,53,,,0,92,,733,53,,,0,92,,734,53,,,0,90,,735,53,,,0,49,,736,53,,,0,76,,737,53,,,0,127,,738,53,,,0,75,,739,53,,,0,90,,740,53,,,0,125,,743,53,,,0,165,,744,53,,,0
2132000,'cal3-sat',552,,753,53,,,0,83,,754,53,,,0,82,,765,53,,,0,85,,771,53,,,0,45,,772,53,,,0,85,,773,53,,,0,88,,774,53,0,5 6,0,129,,775,53,0,5 6,0,84,,776,53,,,0,86,,777,53,,,0,84,,755,53,,,0,46,,756,53,,,0,87,,757,53,,,0,84,,758,53,,,0,85,,759,53,,,0,45,,760,53,,,0,79,,761,53,0,5 6,0,87,,762,53,,,0,115,,763,53,,,0,85,,764,53,,,0,85,,766,53,,,0,130,,768,53,,,0,120,,769,53,,,0
2132000,'cal4-sun-3',552,,778,53,,,0,83,,779,53,,,0,82,,790,53,,,0,85,,793,53,,,0,45,,794,53,,,0,85,,795,53,,,0,88,,796,53,0,5 6,0,129,,797,53,0,5 6,0,84,,798,53,,,0,86,,799,53,,,0,84,,780,53,,,0,46,,781,53,,,0,87,,782,53,,,0,84,,783,53,,,0,85,,784,53,,,0,45,,785,53,,,0,79,,786,53,0,5 6,0,202,,788,53,,,0,170,,789,53,,,0,130,,791,53,,,0
2132000,'cal5-sat',552,,800,53,,,0,83,,801,53,,,0,82,,812,53,,,0,85,,823,53,,,0,45,,824,53,,,0,85,,825,53,,,0,88,,826,53,0,5 6,0,24,,827,53,,,0,105,,828,53,0,5 6,0,59,,829,53,,,0,25,,802,53,,,0,86,,803,53,,,0,14,,804,53,,,0,70,,805,53,,,0,46,,806,53,,,0,87,,807,53,,,0,15,,808,53,,,0,69,,809,53,,,0,85,,810,53,,,0,15,,811,53,,,0,30,,813,53,,,0,79,,814,53,0,5 6,0,87,,815,53,,,0,115,,816,53,,,0,85,,817,53,,,0,85,,818,53,,,0,130,,820,53,,,0,120,,821,53,,,0
2132000,'cal6-sun',552,,830,53,,,0,83,,831,53,,,0,82,,842,53,,,0,85,,850,53,,,0,45,,851,53,,,0,85,,852,53,,,0,88,,853,53,0,5 6,0,24,,854,53,,,0,105,,855,53,0,5 6,0,59,,856,53,,,0,25,,832,53,,,0,86,,833,53,,,0,14,,834,53,,,0,70,,835,53,,,0,46,,836,53,,,0,87,,837,53,,,0,15,,838,53,,,0,69,,839,53,,,0,85,,840,53,,,0,15,,841,53,,,0,30,,843,53,,,0,79,,844,53,0,5 6,0,202,,846,53,,,0,170,,847,53,,,0,130,,848,53,,,0
2132000,'cal7-sat',552,,857,53,,,0,83,,858,53,,,0,82,,869,53,,,0,85,,880,53,,,0,45,,883,53,,,0,85,,884,53,,,0,88,,885,53,0,5 6,0,24,,886,53,,,0,105,,887,53,0,5 6,0,59,,888,53,,,0,25,,859,53,,,0,86,,860,53,,,0,14,,861,53,,,0,70,,862,53,,,0,46,,863,53,,,0,87,,864,53,,,0,15,,865,53,,,0,69,,866,53,,,0,85,,867,53,,,0,15,,868,53,,,0,30,,870,53,,,0,79,,871,53,0,5 6,0,18,,872,53,,,0,69,,873,53,,,0,115,,875,53,,,0,85,,876,53,,,0,85,,877,53,,,0,130,,879,53,,,0,120,,881,53,,,0
2132000,'cal8-sun',552,,889,53,,,0,83,,890,53,,,0,82,,901,53,,,0,85,,912,53,,,0,45,,914,53,,,0,85,,915,53,,,0,88,,916,53,0,5 6,0,24,,917,53,,,0,105,,918,53,0,5 6,0,59,,919,53,,,0,25,,891,53,,,0,86,,892,53,,,0,14,,893,53,,,0,70,,894,53,,,0,46,,895,53,,,0,87,,896,53,,,0,15,,897,53,,,0,69,,898,53,,,0,85,,899,53,,,0,15,,900,53,,,0,30,,902,53,,,0,79,,903,53,0,5 6,0,18,,904,53,,,0,69,,905,53,,,0,115,,907,53,,,0,85,,908,53,,,0,85,,909,53,,,0,130,,911,53,,,0
2132000,'cal9-mon',547,,920,53,,,0,83,,921,53,,,0,82,,932,53,,,0,94,,939,53,,,0,50,,940,53,,,0,88,,941,53,,,0,93,,942,53,,,0,163,,943,53,,,0,21,,944,53,,,0,31,,945,53,,,0,88,,922,53,,,0,15,,923,53,,,0,75,,924,53,,,0,92,,925,53,,,0,37,,926,53,,,0,55,,927,53,,,0,90,,928,53,,,0,29,,929,53,,,0,20,,930,53,,,0,203,,933,53,,,0,165,,934,53,,,0,125,,935,53,,,0,165,,936,53,,,0
