2132000,'cal1-mon-tue-wed-thu-1',641,,626,20,,,0,85,,627,20,,,0,90,,628,20,,,0,90,,629,20,,,0,50,,630,20,,,0,165,,631,20,,,0,90,,632,20,,,0,90,,633,20,,,0,50,,616,20,,,0,90,,617,20,,,0,91,,618,20,,,0,90,,619,20,,,0,90,,620,20,,,0,45,,621,20,,,0,169,,622,20,,,0,125,,623,20,,,0,165,,624,20,,,0,125,,625,20,0,5 6,0
2132000,'cal10-fri-1',641,,646,20,,,0,85,,648,20,,,0,90,,649,20,,,0,90,,650,20,,,0,50,,651,20,,,0,165,,652,20,,,0,90,,653,20,,,0,90,,654,20,,,0,50,,636,20,,,0,90,,637,20,,,0,91,,638,20,,,0,90,,639,20,,,0,90,,640,20,,,0,45,,641,20,,,0,169,,642,20,,,0,125,,643,20,,,0,165,,644,20,,,0,125,,645,20,,,0,160,,647,20,0,5 6,0
2132000,'cal11-sat-1',646,,667,20,,,0,85,,671,20,,,0,85,,672,20,,,0,85,,673,20,,,0,45,,674,20,0,5 6,0,170,,675,20,0,5 6,0,85,,676,20,,,0,45,,677,20,,,0,85,,657,20,,,0,85,,658,20,,,0,85,,659,20,,,0,46,,660,20,,,0,85,,661,20,,,0,85,,662,20,,,0,40,,663,20,0,5 6,0,89,,664,20,0,5 6,0,155,,665,20,,,0,130,,666,20,,,0,170,,668,20,,,0,120,,669,20,,,0,120,,670,20,0,5 6,0
2132000,'cal12-fri',641,,690,20,,,0,85,,696,20,,,0,90,,697,20,,,0,90,,698,20,,,0,50,,699,20,,,0,165,,700,20,,,0,90,,701,20,,,0,90,,702,20,,,0,50,,680,20,,,0,90,,681,20,,,0,91,,682,20,,,0,90,,683,20,,,0,90,,684,20,,,0,45,,685,20,,,0,169,,686,20,,,0,75,,687,20,,,0,50,,688,20,,,0,80,,689,20,,,0,85,,691,20,,,0,85,,692,20,,,0,40,,693,20,,,0,80,,694,20,,,0,80,,695,20,0,5 6,0
2132000,'cal13-sat',646,,715,20,,,0,85,,723,20,,,0,85,,724,20,,,0,85,,725,20,,,0,45,,726,20,0,5 6,0,170,,727,20,0,5 6,0,85,,728,20,,,0,45,,729,20,,,0,85,,705,20,,,0,85,,706,20,,,0,85,,707,20,,,0,46,,708,20,,,0,85,,709,20,,,0,85,,710,20,,,0,40,,711,20,0,5 6,0,89,,712,20,0,5 6,0,155,,713,20,,,0,45,,714,20,,,0,85,,716,20,,,0,85,,717,20,,,0,85,,718,20,,,0,35,,719,20,,,0,85,,720,20,,,0,80,,721,20,0,5 6,0,40,,722,20,0,5 6,0
2132000,'cal2-fri',641,,742,20,,,0,85,,746,20,,,0,90,,747,20,,,0,90,,748,20,,,0,50,,749,20,,,0,165,,750,20,,,0,90,,751,20,,,0,90,,752,20,,,0,50,,732,20,,,0,90,,733,20,,,0,91,,734,20,,,0,90,,735,20,,,0,90,,736,20,,,0,45,,737,20,,,0,169,,738,20,,,0,75,,739,20,,,0,50,,740,20,,,0,80,,741,20,,,0,85,,743,20,,,0,125,,744,20,,,0,160,,745,20,0,5 6,0
2132000,'cal3-sat',646,,765,20,,,0,85,,771,20,,,0,85,,772,20,,,0,85,,773,20,,,0,45,,774,20,0,5 6,0,170,,775,20,0,5 6,0,85,,776,20,,,0,45,,777,20,,,0,85,,755,20,,,0,85,,756,20,,,0,85,,757,20,,,0,46,,758,20,,,0,85,,759,20,,,0,85,,760,20,,,0,40,,761,20,0,5 6,0,89,,762,20,,,0,155,,763,20,,,0,45,,764,20,,,0,85,,766,20,,,0,85,,767,20,0,5 6,0,85,,768,20,,,0,120,,769,20,,,0,120,,770,20,0,5 6,0
2132000,'cal4-sun-3',646,,790,20,,,0,85,,793,20,,,0,85,,794,20,,,0,85,,795,20,,,0,45,,796,20,0,5 6,0,170,,797,20,0,5 6,0,85,,798,20,,,0,45,,799,20,,,0,85,,780,20,,,0,85,,781,20,,,0,85,,782,20,,,0,46,,783,20,,,0,85,,784,20,,,0,85,,785,20,,,0,40,,786,20,0,5 6,0,89,,787,20,0,5 6,0,155,,788,20,,,0,130,,789,20,,,0,170,,791,20,,,0,120,,792,20,0,5 6,0
2132000,'cal5-sat',646,,812,20,,,0,85,,823,20,,,0,85,,824,20,,,0,85,,825,20,,,0,45,,826,20,0,5 6,0,170,,828,20,0,5 6,0,20,,829,20,,,0,65,,802,20,,,0,45,,803,20,,,0,55,,804,20,,,0,30,,805,20,,,0,85,,806,20,,,0,85,,807,20,,,0,16,,808,20,,,0,30,,809,20,,,0,85,,810,20,,,0,15,,811,20,,,0,70,,813,20,,,0,40,,814,20,0,5 6,0,89,,815,20,,,0,155,,816,20,,,0,45,,817,20,,,0,85,,818,20,,,0,85,,819,20,0,5 6,0,85,,820,20,,,0,120,,821,20,,,0,120,,822,20,0,5 6,0
2132000,'cal6-sun',646,,842,20,,,0,85,,850,20,,,0,85,,851,20,,,0,85,,852,20,,,0,45,,853,20,0,5 6,0,170,,855,20,0,5 6,0,20,,856,20,,,0,65,,832,20,,,0,45,,833,20,,,0,55,,834,20,,,0,30,,835,20,,,0,85,,836,20,,,0,85,,837,20,,,0,16,,838,20,,,0,30,,839,20,,,0,85,,840,20,,,0,15,,841,20,,,0,70,,843,20,,,0,40,,844,20,0,5 6,0,89,,845,20,,,0,155,,846,20,,,0,130,,847,20,,,0,170,,848,20,,,0,120,,849,20,0,5 6,0
2132000,'cal7-sat',646,,869,20,,,0,85,,880,20,,,0,85,,883,20,,,0,85,,884,20,,,0,45,,885,20,0,5 6,0,170,,887,20,0,5 6,0,20,,888,20,,,0,65,,859,20,,,0,45,,860,20,,,0,55,,861,20,,,0,30,,862,20,,,0,85,,863,20,,,0,85,,864,20,,,0,16,,865,20,,,0,30,,866,20,,,0,85,,867,20,,,0,15,,868,20,,,0,70,,870,20,,,0,40,,871,20,0,5 6,0,60,,872,20,,,0,29,,873,20,,,0,91,,874,20,,,0,64,,875,20,,,0,45,,876,20,,,0,85,,877,20,,,0,85,,878,20,0,5 6,0,85,,879,20,,,0,120,,881,20,,,0,120,,882,20,0,5 6,0
2132000,'cal8-sun',646,,901,20,,,0,85,,912,20,,,0,85,,914,20,,,0,85,,915,20,,,0,45,,916,20,0,5 6,0,170,,918,20,0,5 6,0,20,,919,20,,,0,65,,891,20,,,0,45,,892,20,,,0,55,,893,20,,,0,30,,894,20,,,0,85,,895,20,,,0,85,,896,20,,,0,16,,897,20,,,0,30,,898,20,,,0,85,,899,20,,,0,15,,900,20,,,0,70,,902,20,,,0,40,,903,20,0,5 6,0,60,,904,20,,,0,29,,905,20,,,0,91,,906,20,,,0,64,,907,20,,,0,45,,908,20,,,0,85,,909,20,,,0,85,,910,20,0,5 6,0,85,,911,20,,,0,120,,913,20,0,5 6,0
2132000,'cal9-mon',641,,932,20,,,0,85,,939,20,,,0,90,,940,20,,,0,90,,941,20,,,0,50,,942,20,,,0,165,,943,20,,,0,90,,945,20,,,0,90,,922,20,,,0,15,,923,20,,,0,35,,924,20,,,0,90,,925,20,,,0,76,,926,20,,,0,15,,927,20,,,0,90,,928,20,,,0,30,,929,20,,,0,60,,930,20,,,0,45,,931,20,,,0,169,,933,20,,,0,125,,934,20,,,0,165,,935,20,,,0,125,,937,20,0,5 6,0,160,,938,20,0,5 6,0
