2132000,'cal1-mon-tue-wed-thu-1',543,,614,49,,,0,83,,615,49,,,0,82,,626,49,,,0,93,,627,49,,,0,50,,628,49,,,0,88,,629,49,,,0,93,,630,49,,,0,123,,631,49,,,0,92,,632,49,,,0,88,,633,49,,,0,90,,616,49,,,0,92,,617,49,,,0,92,,618,49,,,0,50,,619,49,,,0,89,,620,49,,,0,77,,621,49,,,0,127,,622,49,,,0,165,,623,49,,,0,125,,624,49,,,0,165,,625,49,0,5 6,0
2132000,'cal10-fri-1',543,,634,49,,,0,83,,635,49,,,0,82,,646,49,,,0,93,,648,49,,,0,50,,649,49,,,0,88,,650,49,,,0,93,,651,49,,,0,123,,652,49,,,0,92,,653,49,,,0,88,,654,49,,,0,90,,636,49,,,0,92,,637,49,,,0,92,,638,49,,,0,50,,639,49,,,0,89,,640,49,,,0,77,,641,49,,,0,127,,642,49,,,0,165,,643,49,,,0,125,,644,49,,,0,165,,645,49,,,0,120,,647,49,0,5 6,0
2132000,'cal11-sat-1',548,,655,49,,,0,83,,656,49,,,0,82,,667,49,,,0,45,,671,49,,,0,85,,672,49,,,0,85,,673,49,,,0,88,,674,49,0,5 6,0,129,,675,49,0,5 6,0,84,,676,49,,,0,86,,677,49,,,0,44,,657,49,,,0,86,,658,49,,,0,87,,659,49,,,0,84,,660,49,,,0,85,,661,49,,,0,45,,662,49,,,0,79,,663,49,0,5 6,0,87,,664,49,0,5 6,0,115,,665,49,,,0,130,,666,49,,,0,170,,668,49,,,0,120,,669,49,,,0,160,,670,49,0,5 6,0
2132000,'cal12-fri',543,,678,49,,,0,83,,679,49,,,0,82,,690,49,,,0,93,,696,49,,,0,50,,697,49,,,0,88,,698,49,,,0,93,,699,49,,,0,123,,700,49,,,0,92,,701,49,,,0,88,,702,49,,,0,90,,680,49,,,0,92,,681,49,,,0,92,,682,49,,,0,50,,683,49,,,0,89,,684,49,,,0,77,,685,49,,,0,127,,686,49,,,0,75,,687,49,,,0,90,,688,49,,,0,40,,689,49,,,0,85,,691,49,,,0,85,,692,49,,,0,80,,693,49,,,0,40,,694,49,,,0,80,,695,49,0,5 6,0
2132000,'cal13-sat',548,,703,49,,,0,83,,704,49,,,0,82,,715,49,,,0,45,,723,49,,,0,85,,724,49,,,0,85,,725,49,,,0,88,,726,49,0,5 6,0,129,,727,49,0,5 6,0,84,,728,49,,,0,86,,729,49,,,0,44,,705,49,,,0,86,,706,49,,,0,87,,707,49,,,0,84,,708,49,,,0,85,,709,49,,,0,45,,710,49,,,0,79,,711,49,0,5 6,0,87,,712,49,0,5 6,0,115,,713,49,,,0,85,,714,49,,,0,45,,716,49,,,0,85,,717,49,,,0,85,,718,49,,,0,75,,719,49,,,0,45,,720,49,,,0,80,,721,49,0,5 6,0,80,,722,49,0,5 6,0
2132000,'cal2-fri',543,,730,49,,,0,83,,731,49,,,0,82,,742,49,,,0,93,,746,49,,,0,50,,747,49,,,0,88,,748,49,,,0,93,,749,49,,,0,123,,750,49,,,0,92,,751,49,,,0,88,,752,49,,,0,90,,732,49,,,0,92,,733,49,,,0,92,,734,49,,,0,50,,735,49,,,0,89,,736,49,,,0,77,,737,49,,,0,127,,738,49,,,0,75,,739,49,,,0,90,,740,49,,,0,40,,741,49,,,0,85,,743,49,,,0,165,,744,49,,,0,120,,745,49,0,5 6,0
2132000,'cal3-sat',548,,753,49,,,0,83,,754,49,,,0,82,,765,49,,,0,45,,771,49,,,0,85,,772,49,,,0,85,,773,49,,,0,88,,774,49,0,5 6,0,129,,775,49,0,5 6,0,84,,776,49,,,0,86,,777,49,,,0,44,,755,49,,,0,86,,756,49,,,0,87,,757,49,,,0,84,,758,49,,,0,85,,759,49,,,0,45,,760,49,,,0,79,,761,49,0,5 6,0,87,,762,49,,,0,115,,763,49,,,0,85,,764,49,,,0,45,,766,49,,,0,85,,767,49,0,5 6,0,85,,768,49,,,0,120,,769,49,,,0,160,,770,49,0,5 6,0
2132000,'cal4-sun-3',548,,778,49,,,0,83,,779,49,,,0,82,,790,49,,,0,45,,793,49,,,0,85,,794,49,,,0,85,,795,49,,,0,88,,796,49,0,5 6,0,129,,797,49,0,5 6,0,84,,798,49,,,0,86,,799,49,,,0,44,,780,49,,,0,86,,781,49,,,0,87,,782,49,,,0,84,,783,49,,,0,85,,784,49,,,0,45,,785,49,,,0,79,,786,49,0,5 6,0,87,,787,49,0,5 6,0,115,,788,49,,,0,130,,789,49,,,0,170,,791,49,,,0,120,,792,49,0,5 6,0
2132000,'cal5-sat',548,,800,49,,,0,83,,801,49,,,0,82,,812,49,,,0,45,,823,49,,,0,85,,824,49,,,0,85,,825,49,,,0,88,,826,49,0,5 6,0,24,,827,49,,,0,105,,828,49,0,5 6,0,59,,829,49,,,0,25,,802,49,,,0,86,,803,49,,,0,14,,804,49,,,0,30,,805,49,,,0,86,,806,49,,,0,87,,807,49,,,0,15,,808,49,,,0,69,,809,49,,,0,85,,810,49,,,0,15,,811,49,,,0,30,,813,49,,,0,79,,814,49,0,5 6,0,87,,815,49,,,0,115,,816,49,,,0,85,,817,49,,,0,45,,818,49,,,0,85,,819,49,0,5 6,0,85,,820,49,,,0,120,,821,49,,,0,160,,822,49,0,5 6,0
2132000,'cal6-sun',548,,830,49,,,0,83,,831,49,,,0,82,,842,49,,,0,45,,850,49,,,0,85,,851,49,,,0,85,,852,49,,,0,88,,853,49,0,5 6,0,24,,854,49,,,0,105,,855,49,0,5 6,0,59,,856,49,,,0,25,,832,49,,,0,86,,833,49,,,0,14,,834,49,,,0,30,,835,49,,,0,86,,836,49,,,0,87,,837,49,,,0,15,,838,49,,,0,69,,839,49,,,0,85,,840,49,,,0,15,,841,49,,,0,30,,843,49,,,0,79,,844,49,0,5 6,0,87,,845,49,,,0,115,,846,49,,,0,130,,847,49,,,0,170,,848,49,,,0,120,,849,49,0,5 6,0
2132000,'cal7-sat',548,,857,49,,,0,83,,858,49,,,0,82,,869,49,,,0,45,,880,49,,,0,85,,883,49,,,0,85,,884,49,,,0,88,,885,49,0,5 6,0,24,,886,49,,,0,105,,887,49,0,5 6,0,59,,888,49,,,0,25,,859,49,,,0,86,,860,49,,,0,14,,861,49,,,0,30,,862,49,,,0,86,,863,49,,,0,87,,864,49,,,0,15,,865,49,,,0,69,,866,49,,,0,85,,867,49,,,0,15,,868,49,,,0,30,,870,49,,,0,79,,871,49,0,5 6,0,18,,872,49,,,0,69,,873,49,,,0,91,,874,49,,,0,24,,875,49,,,0,85,,876,49,,,0,45,,877,49,,,0,85,,878,49,0,5 6,0,85,,879,49,,,0,120,,881,49,,,0,160,,882,49,0,5 6,0
2132000,'cal8-sun',548,,889,49,,,0,83,,890,49,,,0,82,,901,49,,,0,45,,912,49,,,0,85,,914,49,,,0,85,,915,49,,,0,88,,916,49,0,5 6,0,24,,917,49,,,0,105,,918,49,0,5 6,0,59,,919,49,,,0,25,,891,49,,,0,86,,892,49,,,0,14,,893,49,,,0,30,,894,49,,,0,86,,895,49,,,0,87,,896,49,,,0,15,,897,49,,,0,69,,898,49,,,0,85,,899,49,,,0,15,,900,49,,,0,30,,902,49,,,0,79,,903,49,0,5 6,0,18,,904,49,,,0,69,,905,49,,,0,91,,906,49,,,0,24,,907,49,,,0,85,,908,49,,,0,45,,909,49,,,0,85,,910,49,0,5 6,0,85,,911,49,,,0,120,,913,49,0,5 6,0
2132000,'cal9-mon',543,,920,49,,,0,83,,921,49,,,0,82,,932,49,,,0,93,,939,49,,,0,50,,940,49,,,0,88,,941,49,,,0,93,,942,49,,,0,123,,943,49,,,0,61,,944,49,,,0,31,,945,49,,,0,88,,922,49,,,0,15,,923,49,,,0,75,,924,49,,,0,92,,925,49,,,0,37,,926,49,,,0,55,,927,49,,,0,50,,928,49,,,0,69,,929,49,,,0,20,,930,49,,,0,77,,931,49,,,0,127,,933,49,,,0,165,,934,49,,,0,125,,935,49,,,0,165,,937,49,0,5 6,0,120,,938,49,0,5 6,0
