2132000,'cal1-mon-tue-wed-thu-1',544,,614,50,,,0,83,,615,50,,,0,82,,626,50,,,0,94,,627,50,,,0,50,,628,50,,,0,88,,629,50,,,0,93,,630,50,,,0,123,,631,50,,,0,92,,632,50,,,0,88,,633,50,,,0,90,,616,50,,,0,92,,617,50,,,0,92,,618,50,,,0,90,,619,50,,,0,49,,620,50,,,0,76,,621,50,,,0,127,,622,50,,,0,165,,623,50,,,0,125,,624,50,,,0,165,,625,50,0,5 6,0
2132000,'cal10-fri-1',544,,634,50,,,0,83,,635,50,,,0,82,,646,50,,,0,94,,648,50,,,0,50,,649,50,,,0,88,,650,50,,,0,93,,651,50,,,0,123,,652,50,,,0,92,,653,50,,,0,88,,654,50,,,0,90,,636,50,,,0,92,,637,50,,,0,92,,638,50,,,0,90,,639,50,,,0,49,,640,50,,,0,76,,641,50,,,0,127,,642,50,,,0,165,,643,50,,,0,125,,644,50,,,0,165,,645,50,,,0,120,,647,50,0,5 6,0
2132000,'cal11-sat-1',549,,655,50,,,0,83,,656,50,,,0,82,,667,50,,,0,45,,671,50,,,0,85,,672,50,,,0,85,,673,50,,,0,88,,674,50,0,5 6,0,129,,675,50,0,5 6,0,84,,676,50,,,0,86,,677,50,,,0,84,,657,50,,,0,46,,658,50,,,0,87,,659,50,,,0,84,,660,50,,,0,85,,661,50,,,0,45,,662,50,,,0,79,,663,50,0,5 6,0,87,,664,50,0,5 6,0,115,,665,50,,,0,130,,666,50,,,0,170,,668,50,,,0,120,,669,50,,,0,160,,670,50,0,5 6,0
2132000,'cal12-fri',544,,678,50,,,0,83,,679,50,,,0,82,,690,50,,,0,94,,696,50,,,0,50,,697,50,,,0,88,,698,50,,,0,93,,699,50,,,0,123,,700,50,,,0,92,,701,50,,,0,88,,702,50,,,0,90,,680,50,,,0,92,,681,50,,,0,92,,682,50,,,0,90,,683,50,,,0,49,,684,50,,,0,76,,685,50,,,0,127,,686,50,,,0,75,,687,50,,,0,90,,688,50,,,0,40,,689,50,,,0,85,,691,50,,,0,85,,692,50,,,0,80,,693,50,,,0,40,,694,50,,,0,80,,695,50,0,5 6,0
2132000,'cal13-sat',549,,703,50,,,0,83,,704,50,,,0,82,,715,50,,,0,45,,723,50,,,0,85,,724,50,,,0,85,,725,50,,,0,88,,726,50,0,5 6,0,129,,727,50,0,5 6,0,84,,728,50,,,0,86,,729,50,,,0,84,,705,50,,,0,46,,706,50,,,0,87,,707,50,,,0,84,,708,50,,,0,85,,709,50,,,0,45,,710,50,,,0,79,,711,50,0,5 6,0,87,,712,50,0,5 6,0,115,,713,50,,,0,85,,714,50,,,0,45,,716,50,,,0,85,,717,50,,,0,85,,718,50,,,0,75,,719,50,,,0,45,,720,50,,,0,80,,721,50,0,5 6,0,80,,722,50,0,5 6,0
2132000,'cal2-fri',544,,730,50,,,0,83,,731,50,,,0,82,,742,50,,,0,94,,746,50,,,0,50,,747,50,,,0,88,,748,50,,,0,93,,749,50,,,0,123,,750,50,,,0,92,,751,50,,,0,88,,752,50,,,0,90,,732,50,,,0,92,,733,50,,,0,92,,734,50,,,0,90,,735,50,,,0,49,,736,50,,,0,76,,737,50,,,0,127,,738,50,,,0,75,,739,50,,,0,90,,740,50,,,0,40,,741,50,,,0,85,,743,50,,,0,165,,744,50,,,0,120,,745,50,0,5 6,0
2132000,'cal3-sat',549,,753,50,,,0,83,,754,50,,,0,82,,765,50,,,0,45,,771,50,,,0,85,,772,50,,,0,85,,773,50,,,0,88,,774,50,0,5 6,0,129,,775,50,0,5 6,0,84,,776,50,,,0,86,,777,50,,,0,84,,755,50,,,0,46,,756,50,,,0,87,,757,50,,,0,84,,758,50,,,0,85,,759,50,,,0,45,,760,50,,,0,79,,761,50,0,5 6,0,87,,762,50,,,0,115,,763,50,,,0,85,,764,50,,,0,45,,766,50,,,0,85,,767,50,0,5 6,0,85,,768,50,,,0,120,,769,50,,,0,160,,770,50,0,5 6,0
2132000,'cal4-sun-3',549,,778,50,,,0,83,,779,50,,,0,82,,790,50,,,0,45,,793,50,,,0,85,,794,50,,,0,85,,795,50,,,0,88,,796,50,0,5 6,0,129,,797,50,0,5 6,0,84,,798,50,,,0,86,,799,50,,,0,84,,780,50,,,0,46,,781,50,,,0,87,,782,50,,,0,84,,783,50,,,0,85,,784,50,,,0,45,,785,50,,,0,79,,786,50,0,5 6,0,87,,787,50,0,5 6,0,115,,788,50,,,0,130,,789,50,,,0,170,,791,50,,,0,120,,792,50,0,5 6,0
2132000,'cal5-sat',549,,800,50,,,0,83,,801,50,,,0,82,,812,50,,,0,45,,823,50,,,0,85,,824,50,,,0,85,,825,50,,,0,88,,826,50,0,5 6,0,24,,827,50,,,0,105,,828,50,0,5 6,0,59,,829,50,,,0,25,,802,50,,,0,86,,803,50,,,0,14,,804,50,,,0,70,,805,50,,,0,46,,806,50,,,0,87,,807,50,,,0,15,,808,50,,,0,69,,809,50,,,0,85,,810,50,,,0,15,,811,50,,,0,30,,813,50,,,0,79,,814,50,0,5 6,0,87,,815,50,,,0,115,,816,50,,,0,85,,817,50,,,0,45,,818,50,,,0,85,,819,50,0,5 6,0,85,,820,50,,,0,120,,821,50,,,0,160,,822,50,0,5 6,0
2132000,'cal6-sun',549,,830,50,,,0,83,,831,50,,,0,82,,842,50,,,0,45,,850,50,,,0,85,,851,50,,,0,85,,852,50,,,0,88,,853,50,0,5 6,0,24,,854,50,,,0,105,,855,50,0,5 6,0,59,,856,50,,,0,25,,832,50,,,0,86,,833,50,,,0,14,,834,50,,,0,70,,835,50,,,0,46,,836,50,,,0,87,,837,50,,,0,15,,838,50,,,0,69,,839,50,,,0,85,,840,50,,,0,15,,841,50,,,0,30,,843,50,,,0,79,,844,50,0,5 6,0,87,,845,50,,,0,115,,846,50,,,0,130,,847,50,,,0,170,,848,50,,,0,120,,849,50,0,5 6,0
2132000,'cal7-sat',549,,857,50,,,0,83,,858,50,,,0,82,,869,50,,,0,45,,880,50,,,0,85,,883,50,,,0,85,,884,50,,,0,88,,885,50,0,5 6,0,24,,886,50,,,0,105,,887,50,0,5 6,0,59,,888,50,,,0,25,,859,50,,,0,86,,860,50,,,0,14,,861,50,,,0,70,,862,50,,,0,46,,863,50,,,0,87,,864,50,,,0,15,,865,50,,,0,69,,866,50,,,0,85,,867,50,,,0,15,,868,50,,,0,30,,870,50,,,0,79,,871,50,0,5 6,0,18,,872,50,,,0,69,,873,50,,,0,91,,874,50,4,,0,24,,875,50,,,0,85,,876,50,,,0,45,,877,50,,,0,85,,878,50,0,5 6,0,85,,879,50,,,0,120,,881,50,,,0,160,,882,50,0,5 6,0
2132000,'cal8-sun',549,,889,50,,,0,83,,890,50,,,0,82,,901,50,,,0,45,,912,50,,,0,85,,914,50,,,0,85,,915,50,,,0,88,,916,50,0,5 6,0,24,,917,50,,,0,105,,918,50,0,5 6,0,59,,919,50,,,0,25,,891,50,,,0,86,,892,50,,,0,14,,893,50,,,0,70,,894,50,,,0,46,,895,50,,,0,87,,896,50,,,0,15,,897,50,,,0,69,,898,50,,,0,85,,899,50,,,0,15,,900,50,,,0,30,,902,50,,,0,79,,903,50,0,5 6,0,18,,904,50,,,0,69,,905,50,,,0,91,,906,50,4,,0,24,,907,50,,,0,85,,908,50,,,0,45,,909,50,,,0,85,,910,50,0,5 6,0,85,,911,50,,,0,120,,913,50,0,5 6,0
2132000,'cal9-mon',544,,920,50,,,0,83,,921,50,,,0,82,,932,50,,,0,94,,939,50,,,0,50,,940,50,,,0,88,,941,50,,,0,93,,942,50,,,0,123,,943,50,,,0,61,,944,50,,,0,31,,945,50,,,0,88,,922,50,,,0,15,,923,50,,,0,75,,924,50,,,0,92,,925,50,,,0,37,,926,50,,,0,55,,927,50,,,0,90,,928,50,,,0,29,,929,50,,,0,20,,930,50,,,0,76,,931,50,,,0,127,,933,50,,,0,165,,934,50,,,0,125,,935,50,,,0,165,,937,50,0,5 6,0,120,,938,50,0,5 6,0
