2132000,'cal1-mon-tue-wed-thu-1',602,,614,67,,,0,43,,615,67,,,0,82,,626,67,,,0,94,,627,67,,,0,90,,628,67,,,0,48,,629,67,,,0,93,,630,67,,,0,162,,631,67,,,0,92,,632,67,,,0,48,,633,67,,,0,90,,616,67,,,0,92,,617,67,,,0,92,,618,67,,,0,90,,619,67,,,0,89,,620,67,,,0,202,,622,67,,,0,125,,623,67,,,0,123,,624,67,,,0
2132000,'cal10-fri-1',602,,634,67,,,0,43,,635,67,,,0,82,,646,67,,,0,94,,648,67,,,0,90,,649,67,,,0,48,,650,67,,,0,93,,651,67,,,0,162,,652,67,,,0,92,,653,67,,,0,48,,654,67,,,0,90,,636,67,,,0,92,,637,67,,,0,92,,638,67,,,0,90,,639,67,,,0,89,,640,67,,,0,202,,642,67,,,0,125,,643,67,,,0,123,,644,67,,,0,165,,645,67,,,0
2132000,'cal11-sat-1',607,,655,67,,,0,43,,656,67,,,0,82,,667,67,,,0,85,,671,67,,,0,85,,672,67,,,0,45,,673,67,,,0,88,,674,67,0,5 6,0,168,,675,67,0,5 6,0,44,,676,67,,,0,86,,677,67,,,0,84,,657,67,,,0,86,,658,67,,,0,47,,659,67,,,0,84,,660,67,,,0,85,,661,67,,,0,85,,662,67,,,0,38,,663,67,0,5 6,0,202,,665,67,,,0,170,,666,67,,,0,128,,668,67,,,0,160,,669,67,,,0
2132000,'cal12-fri',602,,678,67,,,0,43,,679,67,,,0,82,,690,67,,,0,94,,696,67,,,0,90,,697,67,,,0,48,,698,67,,,0,93,,699,67,,,0,162,,700,67,,,0,92,,701,67,,,0,48,,702,67,,,0,90,,680,67,,,0,92,,681,67,,,0,92,,682,67,,,0,90,,683,67,,,0,89,,684,67,,,0,35,,685,67,,,0,167,,686,67,,,0,35,,687,67,,,0,90,,688,67,,,0,80,,689,67,,,0,43,,691,67,,,0,85,,692,67,,,0,80,,693,67,,,0
2132000,'cal13-sat',607,,703,67,,,0,43,,704,67,,,0,82,,715,67,,,0,85,,723,67,,,0,85,,724,67,,,0,45,,725,67,,,0,88,,726,67,0,5 6,0,168,,727,67,0,5 6,0,44,,728,67,,,0,86,,729,67,,,0,84,,705,67,,,0,86,,706,67,,,0,47,,707,67,,,0,84,,708,67,,,0,85,,709,67,,,0,85,,710,67,,,0,38,,711,67,0,5 6,0,87,,712,67,0,5 6,0,115,,713,67,,,0,85,,714,67,,,0,85,,716,67,,,0,45,,717,67,,,0,83,,718,67,,,0,75,,719,67,,,0,85,,720,67,,,0
2132000,'cal2-fri',602,,730,67,,,0,43,,731,67,,,0,82,,742,67,,,0,94,,746,67,,,0,90,,747,67,,,0,48,,748,67,,,0,93,,749,67,,,0,162,,750,67,,,0,92,,751,67,,,0,48,,752,67,,,0,90,,732,67,,,0,92,,733,67,,,0,92,,734,67,,,0,90,,735,67,,,0,89,,736,67,,,0,35,,737,67,,,0,167,,738,67,,,0,35,,739,67,,,0,90,,740,67,,,0,123,,743,67,,,0,165,,744,67,,,0
2132000,'cal3-sat',607,,753,67,,,0,43,,754,67,,,0,82,,765,67,,,0,85,,771,67,,,0,85,,772,67,,,0,45,,773,67,,,0,88,,774,67,0,5 6,0,168,,775,67,0,5 6,0,44,,776,67,,,0,86,,777,67,,,0,84,,755,67,,,0,86,,756,67,,,0,47,,757,67,,,0,84,,758,67,,,0,85,,759,67,,,0,85,,760,67,,,0,38,,761,67,0,5 6,0,87,,762,67,,,0,115,,763,67,,,0,85,,764,67,,,0,85,,766,67,,,0,128,,768,67,,,0,160,,769,67,,,0
2132000,'cal4-sun-3',607,,778,67,,,0,43,,779,67,,,0,82,,790,67,,,0,85,,793,67,,,0,85,,794,67,,,0,45,,795,67,,,0,88,,796,67,0,5 6,0,168,,797,67,0,5 6,0,44,,798,67,,,0,86,,799,67,,,0,84,,780,67,,,0,86,,781,67,,,0,47,,782,67,,,0,84,,783,67,,,0,85,,784,67,,,0,85,,785,67,,,0,38,,786,67,0,5 6,0,202,,788,67,,,0,170,,789,67,,,0,128,,791,67,,,0
2132000,'cal5-sat',607,,800,67,,,0,43,,801,67,,,0,82,,812,67,,,0,85,,823,67,,,0,85,,824,67,,,0,45,,825,67,,,0,88,,826,67,0,5 6,0,24,,827,67,,,0,144,,828,67,0,5 6,0,19,,829,67,,,0,25,,802,67,,,0,86,,803,67,,,0,14,,804,67,,,0,70,,805,67,,,0,86,,806,67,,,0,47,,807,67,,,0,55,,808,67,,,0,29,,809,67,,,0,85,,810,67,,,0,15,,811,67,,,0,70,,813,67,,,0,38,,814,67,0,5 6,0,87,,815,67,,,0,115,,816,67,,,0,85,,817,67,,,0,85,,818,67,,,0,128,,820,67,,,0,160,,821,67,,,0
2132000,'cal6-sun',607,,830,67,,,0,43,,831,67,,,0,82,,842,67,,,0,85,,850,67,,,0,85,,851,67,,,0,45,,852,67,,,0,88,,853,67,0,5 6,0,24,,854,67,,,0,144,,855,67,0,5 6,0,19,,856,67,,,0,25,,832,67,,,0,86,,833,67,,,0,14,,834,67,,,0,70,,835,67,,,0,86,,836,67,,,0,47,,837,67,,,0,55,,838,67,,,0,29,,839,67,,,0,85,,840,67,,,0,15,,841,67,,,0,70,,843,67,,,0,38,,844,67,0,5 6,0,202,,846,67,,,0,170,,847,67,,,0,128,,848,67,,,0
2132000,'cal7-sat',607,,857,67,,,0,43,,858,67,,,0,82,,869,67,,,0,85,,880,67,,,0,85,,883,67,,,0,45,,884,67,,,0,88,,885,67,0,5 6,0,24,,886,67,,,0,144,,887,67,0,5 6,0,19,,888,67,,,0,25,,859,67,,,0,86,,860,67,,,0,14,,861,67,,,0,70,,862,67,,,0,86,,863,67,,,0,47,,864,67,,,0,55,,865,67,,,0,29,,866,67,,,0,85,,867,67,,,0,15,,868,67,,,0,70,,870,67,,,0,38,,871,67,0,5 6,0,58,,872,67,,,0,29,,873,67,,,0,115,,875,67,,,0,85,,876,67,,,0,85,,877,67,,,0,128,,879,67,,,0,160,,881,67,,,0
2132000,'cal8-sun',607,,889,67,,,0,43,,890,67,,,0,82,,901,67,,,0,85,,912,67,,,0,85,,914,67,,,0,45,,915,67,,,0,88,,916,67,0,5 6,0,24,,917,67,,,0,144,,918,67,0,5 6,0,19,,919,67,,,0,25,,891,67,,,0,86,,892,67,,,0,14,,893,67,,,0,70,,894,67,,,0,86,,895,67,,,0,47,,896,67,,,0,55,,897,67,,,0,29,,898,67,,,0,85,,899,67,,,0,15,,900,67,,,0,70,,902,67,,,0,38,,903,67,0,5 6,0,58,,904,67,,,0,29,,905,67,,,0,115,,907,67,,,0,85,,908,67,,,0,85,,909,67,,,0,128,,911,67,,,0
2132000,'cal9-mon',602,,920,67,,,0,43,,921,67,,,0,82,,932,67,,,0,94,,939,67,,,0,90,,940,67,,,0,48,,941,67,,,0,93,,942,67,,,0,162,,943,67,,,0,21,,944,67,,,0,71,,945,67,,,0,48,,922,67,,,0,55,,923,67,,,0,35,,924,67,,,0,92,,925,67,,,0,77,,926,67,,,0,15,,927,67,,,0,90,,928,67,,,0,29,,929,67,,,0,60,,930,67,,,0,202,,933,67,,,0,125,,934,67,,,0,123,,935,67,,,0,165,,936,67,,,0
