2132000,'cal1-mon-tue-wed-thu-1',618,,614,83,,,0,83,,615,83,,,0,42,,626,83,,,0,94,,627,83,,,0,90,,628,83,,,0,88,,629,83,,,0,93,,630,83,,,0,122,,631,83,,,0,92,,632,83,,,0,88,,633,83,,,0,90,,616,83,,,0,52,,617,83,,,0,92,,618,83,,,0,90,,619,83,,,0,89,,620,83,,,0,201,,622,83,,,0,125,,623,83,,,0,163,,624,83,,,0
2132000,'cal10-fri-1',618,,634,83,,,0,83,,635,83,,,0,42,,646,83,,,0,94,,648,83,,,0,90,,649,83,,,0,88,,650,83,,,0,93,,651,83,,,0,122,,652,83,,,0,92,,653,83,,,0,88,,654,83,,,0,90,,636,83,,,0,52,,637,83,,,0,92,,638,83,,,0,90,,639,83,,,0,89,,640,83,,,0,201,,642,83,,,0,125,,643,83,,,0,163,,644,83,,,0,125,,645,83,,,0
2132000,'cal11-sat-1',623,,655,83,,,0,83,,656,83,,,0,42,,667,83,,,0,85,,671,83,,,0,85,,672,83,,,0,85,,673,83,,,0,48,,674,83,0,5 6,0,168,,675,83,0,5 6,0,84,,676,83,,,0,46,,677,83,,,0,84,,657,83,,,0,86,,658,83,,,0,87,,659,83,,,0,44,,660,83,,,0,85,,661,83,,,0,85,,662,83,,,0,38,,663,83,0,5 6,0,201,,665,83,,,0,170,,666,83,,,0,128,,668,83,,,0,160,,669,83,,,0
2132000,'cal12-fri',618,,678,83,,,0,83,,679,83,,,0,42,,690,83,,,0,94,,696,83,,,0,90,,697,83,,,0,88,,698,83,,,0,93,,699,83,,,0,122,,700,83,,,0,92,,701,83,,,0,88,,702,83,,,0,90,,680,83,,,0,52,,681,83,,,0,92,,682,83,,,0,90,,683,83,,,0,89,,684,83,,,0,35,,685,83,,,0,166,,686,83,,,0,35,,687,83,,,0,90,,688,83,,,0,80,,689,83,,,0,83,,691,83,,,0,45,,692,83,,,0,80,,693,83,,,0
2132000,'cal13-sat',623,,703,83,,,0,83,,704,83,,,0,42,,715,83,,,0,85,,723,83,,,0,85,,724,83,,,0,85,,725,83,,,0,48,,726,83,0,5 6,0,168,,727,83,0,5 6,0,84,,728,83,,,0,46,,729,83,,,0,84,,705,83,,,0,86,,706,83,,,0,87,,707,83,,,0,44,,708,83,,,0,85,,709,83,,,0,85,,710,83,,,0,38,,711,83,0,5 6,0,86,,712,83,0,5 6,0,115,,713,83,,,0,85,,714,83,,,0,85,,716,83,,,0,85,,717,83,,,0,43,,718,83,,,0,75,,719,83,,,0,85,,720,83,,,0
2132000,'cal2-fri',618,,730,83,,,0,83,,731,83,,,0,42,,742,83,,,0,94,,746,83,,,0,90,,747,83,,,0,88,,748,83,,,0,93,,749,83,,,0,122,,750,83,,,0,92,,751,83,,,0,88,,752,83,,,0,90,,732,83,,,0,52,,733,83,,,0,92,,734,83,,,0,90,,735,83,,,0,89,,736,83,,,0,35,,737,83,,,0,166,,738,83,,,0,35,,739,83,,,0,90,,740,83,,,0,163,,743,83,,,0,125,,744,83,,,0
2132000,'cal3-sat',623,,753,83,,,0,83,,754,83,,,0,42,,765,83,,,0,85,,771,83,,,0,85,,772,83,,,0,85,,773,83,,,0,48,,774,83,0,5 6,0,168,,775,83,0,5 6,0,84,,776,83,,,0,46,,777,83,,,0,84,,755,83,,,0,86,,756,83,,,0,87,,757,83,,,0,44,,758,83,,,0,85,,759,83,,,0,85,,760,83,,,0,38,,761,83,0,5 6,0,86,,762,83,,,0,115,,763,83,,,0,85,,764,83,,,0,85,,766,83,,,0,128,,768,83,,,0,160,,769,83,,,0
2132000,'cal4-sun-3',623,,778,83,,,0,83,,779,83,,,0,42,,790,83,,,0,85,,793,83,,,0,85,,794,83,,,0,85,,795,83,,,0,48,,796,83,0,5 6,0,168,,797,83,0,5 6,0,84,,798,83,,,0,46,,799,83,,,0,84,,780,83,,,0,86,,781,83,,,0,87,,782,83,,,0,44,,783,83,,,0,85,,784,83,,,0,85,,785,83,,,0,38,,786,83,0,5 6,0,201,,788,83,,,0,170,,789,83,,,0,128,,791,83,,,0
2132000,'cal5-sat',623,,800,83,,,0,83,,801,83,,,0,42,,812,83,,,0,85,,823,83,,,0,85,,824,83,,,0,85,,825,83,,,0,48,,826,83,0,5 6,0,64,,827,83,,,0,104,,828,83,0,5 6,0,19,,829,83,,,0,65,,802,83,,,0,46,,803,83,,,0,54,,804,83,,,0,30,,805,83,,,0,86,,806,83,,,0,87,,807,83,,,0,15,,808,83,,,0,29,,809,83,,,0,85,,810,83,,,0,15,,811,83,,,0,70,,813,83,,,0,38,,814,83,0,5 6,0,86,,815,83,,,0,115,,816,83,,,0,85,,817,83,,,0,85,,818,83,,,0,128,,820,83,,,0,160,,821,83,,,0
2132000,'cal6-sun',623,,830,83,,,0,83,,831,83,,,0,42,,842,83,,,0,85,,850,83,,,0,85,,851,83,,,0,85,,852,83,,,0,48,,853,83,0,5 6,0,64,,854,83,,,0,104,,855,83,0,5 6,0,19,,856,83,,,0,65,,832,83,,,0,46,,833,83,,,0,54,,834,83,,,0,30,,835,83,,,0,86,,836,83,,,0,87,,837,83,,,0,15,,838,83,,,0,29,,839,83,,,0,85,,840,83,,,0,15,,841,83,,,0,70,,843,83,,,0,38,,844,83,0,5 6,0,201,,846,83,,,0,170,,847,83,,,0,128,,848,83,,,0
2132000,'cal7-sat',623,,857,83,,,0,83,,858,83,,,0,42,,869,83,,,0,85,,880,83,,,0,85,,883,83,,,0,85,,884,83,,,0,48,,885,83,0,5 6,0,64,,886,83,,,0,104,,887,83,0,5 6,0,19,,888,83,,,0,65,,859,83,,,0,46,,860,83,,,0,54,,861,83,,,0,30,,862,83,,,0,86,,863,83,,,0,87,,864,83,,,0,15,,865,83,,,0,29,,866,83,,,0,85,,867,83,,,0,15,,868,83,,,0,70,,870,83,,,0,38,,871,83,0,5 6,0,57,,872,83,,,0,29,,873,83,,,0,115,,875,83,,,0,85,,876,83,,,0,85,,877,83,,,0,128,,879,83,,,0,160,,881,83,,,0
2132000,'cal8-sun',623,,889,83,,,0,83,,890,83,,,0,42,,901,83,,,0,85,,912,83,,,0,85,,914,83,,,0,85,,915,83,,,0,48,,916,83,0,5 6,0,64,,917,83,,,0,104,,918,83,0,5 6,0,19,,919,83,,,0,65,,891,83,,,0,46,,892,83,,,0,54,,893,83,,,0,30,,894,83,,,0,86,,895,83,,,0,87,,896,83,,,0,15,,897,83,,,0,29,,898,83,,,0,85,,899,83,,,0,15,,900,83,,,0,70,,902,83,,,0,38,,903,83,0,5 6,0,57,,904,83,,,0,29,,905,83,,,0,115,,907,83,,,0,85,,908,83,,,0,85,,909,83,,,0,128,,911,83,,,0
2132000,'cal9-mon',618,,920,83,,,0,83,,921,83,,,0,42,,932,83,,,0,94,,939,83,,,0,90,,940,83,,,0,88,,941,83,,,0,93,,942,83,,,0,122,,943,83,,,0,21,,944,83,,,0,71,,945,83,,,0,88,,922,83,,,0,15,,923,83,,,0,75,,924,83,,,0,52,,925,83,,,0,77,,926,83,,,0,15,,927,83,,,0,90,,928,83,,,0,69,,929,83,,,0,20,,930,83,,,0,201,,933,83,,,0,125,,934,83,,,0,163,,935,83,,,0,125,,936,83,,,0
