2132000,'cal1-mon-tue-wed-thu-1',631,,626,9,,,0,85,,627,9,,,0,90,,628,9,,,0,50,,629,9,,,0,90,,630,9,,,0,165,,631,9,,,0,90,,632,9,,,0,50,,633,9,,,0,90,,616,9,,,0,90,,617,9,,,0,91,,618,9,,,0,90,,619,9,,,0,90,,620,9,,,0,45,,621,9,,,0,169,,622,9,,,0,125,,623,9,,,0,165,,624,9,,,0,125,,625,9,0,5 6,0
2132000,'cal10-fri-1',631,,646,9,,,0,85,,648,9,,,0,90,,649,9,,,0,50,,650,9,,,0,90,,651,9,,,0,165,,652,9,,,0,90,,653,9,,,0,50,,654,9,,,0,90,,636,9,,,0,90,,637,9,,,0,91,,638,9,,,0,90,,639,9,,,0,90,,640,9,,,0,45,,641,9,,,0,169,,642,9,,,0,125,,643,9,,,0,165,,644,9,,,0,125,,645,9,,,0,120,,647,9,0,5 6,0
2132000,'cal11-sat-1',636,,667,9,,,0,85,,671,9,,,0,85,,672,9,,,0,45,,673,9,,,0,85,,674,9,0,5 6,0,170,,675,9,0,5 6,0,45,,676,9,,,0,85,,677,9,,,0,85,,657,9,,,0,85,,658,9,,,0,45,,659,9,,,0,86,,660,9,,,0,85,,661,9,,,0,85,,662,9,,,0,40,,663,9,0,5 6,0,89,,664,9,0,5 6,0,115,,665,9,,,0,170,,666,9,,,0,130,,668,9,,,0,160,,669,9,,,0,120,,670,9,0,5 6,0
2132000,'cal12-fri',631,,690,9,,,0,85,,696,9,,,0,90,,697,9,,,0,50,,698,9,,,0,90,,699,9,,,0,165,,700,9,,,0,90,,701,9,,,0,50,,702,9,,,0,90,,680,9,,,0,90,,681,9,,,0,91,,682,9,,,0,90,,683,9,,,0,90,,684,9,,,0,45,,685,9,,,0,169,,686,9,,,0,35,,687,9,,,0,90,,688,9,,,0,80,,689,9,,,0,85,,691,9,,,0,45,,692,9,,,0,80,,693,9,,,0,80,,694,9,,,0,40,,695,9,0,5 6,0
2132000,'cal13-sat',636,,715,9,,,0,85,,723,9,,,0,85,,724,9,,,0,45,,725,9,,,0,85,,726,9,0,5 6,0,170,,727,9,0,5 6,0,45,,728,9,,,0,85,,729,9,,,0,85,,705,9,,,0,85,,706,9,,,0,45,,707,9,,,0,86,,708,9,,,0,85,,709,9,,,0,85,,710,9,,,0,40,,711,9,0,5 6,0,89,,712,9,0,5 6,0,115,,713,9,,,0,85,,714,9,,,0,85,,716,9,,,0,85,,717,9,,,0,45,,718,9,,,0,75,,719,9,,,0,85,,720,9,,,0,40,,721,9,0,5 6,0,80,,722,9,0,5 6,0
2132000,'cal2-fri',631,,742,9,,,0,85,,746,9,,,0,90,,747,9,,,0,50,,748,9,,,0,90,,749,9,,,0,165,,750,9,,,0,90,,751,9,,,0,50,,752,9,,,0,90,,732,9,,,0,90,,733,9,,,0,91,,734,9,,,0,90,,735,9,,,0,90,,736,9,,,0,45,,737,9,,,0,169,,738,9,,,0,35,,739,9,,,0,90,,740,9,,,0,80,,741,9,,,0,85,,743,9,,,0,125,,744,9,,,0,120,,745,9,0,5 6,0
2132000,'cal3-sat',636,,765,9,,,0,85,,771,9,,,0,85,,772,9,,,0,45,,773,9,,,0,85,,774,9,0,5 6,0,170,,775,9,0,5 6,0,45,,776,9,,,0,85,,777,9,,,0,85,,755,9,,,0,85,,756,9,,,0,45,,757,9,,,0,86,,758,9,,,0,85,,759,9,,,0,85,,760,9,,,0,40,,761,9,0,5 6,0,89,,762,9,,,0,115,,763,9,,,0,85,,764,9,,,0,85,,766,9,,,0,85,,767,9,0,5 6,0,45,,768,9,,,0,160,,769,9,,,0,120,,770,9,0,5 6,0
2132000,'cal4-sun-3',636,,790,9,,,0,85,,793,9,,,0,85,,794,9,,,0,45,,795,9,,,0,85,,796,9,0,5 6,0,170,,797,9,0,5 6,0,45,,798,9,,,0,85,,799,9,,,0,85,,780,9,,,0,85,,781,9,,,0,45,,782,9,,,0,86,,783,9,,,0,85,,784,9,,,0,85,,785,9,,,0,40,,786,9,0,5 6,0,89,,787,9,0,5 6,0,115,,788,9,,,0,170,,789,9,,,0,130,,791,9,,,0,160,,792,9,0,5 6,0
2132000,'cal5-sat',636,,812,9,,,0,85,,823,9,,,0,85,,824,9,,,0,45,,825,9,,,0,85,,826,9,0,5 6,0,170,,828,9,0,5 6,0,20,,829,9,,,0,25,,802,9,,,0,85,,803,9,,,0,15,,804,9,,,0,70,,805,9,,,0,85,,806,9,,,0,45,,807,9,,,0,56,,808,9,,,0,30,,809,9,,,0,85,,810,9,,,0,15,,811,9,,,0,70,,813,9,,,0,40,,814,9,0,5 6,0,89,,815,9,,,0,115,,816,9,,,0,85,,817,9,,,0,85,,818,9,,,0,85,,819,9,0,5 6,0,45,,820,9,,,0,160,,821,9,,,0,120,,822,9,0,5 6,0
2132000,'cal6-sun',636,,842,9,,,0,85,,850,9,,,0,85,,851,9,,,0,45,,852,9,,,0,85,,853,9,0,5 6,0,170,,855,9,0,5 6,0,20,,856,9,,,0,25,,832,9,,,0,85,,833,9,,,0,15,,834,9,,,0,70,,835,9,,,0,85,,836,9,,,0,45,,837,9,,,0,56,,838,9,,,0,30,,839,9,,,0,85,,840,9,,,0,15,,841,9,,,0,70,,843,9,,,0,40,,844,9,0,5 6,0,89,,845,9,,,0,115,,846,9,,,0,170,,847,9,,,0,130,,848,9,,,0,160,,849,9,0,5 6,0
2132000,'cal7-sat',636,,869,9,,,0,85,,880,9,,,0,85,,883,9,,,0,45,,884,9,,,0,85,,885,9,0,5 6,0,170,,887,9,0,5 6,0,20,,888,9,,,0,25,,859,9,,,0,85,,860,9,,,0,15,,861,9,,,0,70,,862,9,,,0,85,,863,9,,,0,45,,864,9,,,0,56,,865,9,,,0,30,,866,9,,,0,85,,867,9,,,0,15,,868,9,,,0,70,,870,9,,,0,40,,871,9,0,5 6,0,60,,872,9,,,0,29,,873,9,,,0,91,,874,9,,,0,24,,875,9,,,0,85,,876,9,,,0,85,,877,9,,,0,85,,878,9,0,5 6,0,45,,879,9,,,0,160,,881,9,,,0,120,,882,9,0,5 6,0
2132000,'cal8-sun',636,,901,9,,,0,85,,912,9,,,0,85,,914,9,,,0,45,,915,9,,,0,85,,916,9,0,5 6,0,170,,918,9,0,5 6,0,20,,919,9,,,0,25,,891,9,,,0,85,,892,9,,,0,15,,893,9,,,0,70,,894,9,,,0,85,,895,9,,,0,45,,896,9,,,0,56,,897,9,,,0,30,,898,9,,,0,85,,899,9,,,0,15,,900,9,,,0,70,,902,9,,,0,40,,903,9,0,5 6,0,60,,904,9,,,0,29,,905,9,,,0,91,,906,9,,,0,24,,907,9,,,0,85,,908,9,,,0,85,,909,9,,,0,85,,910,9,0,5 6,0,45,,911,9,,,0,160,,913,9,0,5 6,0
2132000,'cal9-mon',631,,932,9,,,0,85,,939,9,,,0,90,,940,9,,,0,50,,941,9,,,0,90,,942,9,,,0,165,,943,9,,,0,90,,945,9,,,0,50,,922,9,,,0,55,,923,9,,,0,35,,924,9,,,0,90,,925,9,,,0,76,,926,9,,,0,15,,927,9,,,0,90,,928,9,,,0,30,,929,9,,,0,60,,930,9,,,0,45,,931,9,,,0,169,,933,9,,,0,125,,934,9,,,0,165,,935,9,,,0,125,,937,9,0,5 6,0,120,,938,9,0,5 6,0
