2132000,'cal1-mon-tue-wed-thu-1',632,,626,10,,,0,85,,627,10,,,0,90,,628,10,,,0,50,,629,10,,,0,90,,630,10,,,0,165,,631,10,,,0,90,,632,10,,,0,50,,633,10,,,0,90,,616,10,,,0,90,,617,10,,,0,91,,618,10,,,0,90,,619,10,,,0,90,,620,10,,,0,45,,621,10,,,0,169,,622,10,,,0,125,,623,10,,,0,165,,624,10,,,0,125,,625,10,0,5 6,0
2132000,'cal10-fri-1',632,,646,10,,,0,85,,648,10,,,0,90,,649,10,,,0,50,,650,10,,,0,90,,651,10,,,0,165,,652,10,,,0,90,,653,10,,,0,50,,654,10,,,0,90,,636,10,,,0,90,,637,10,,,0,91,,638,10,,,0,90,,639,10,,,0,90,,640,10,,,0,45,,641,10,,,0,169,,642,10,,,0,125,,643,10,,,0,165,,644,10,,,0,125,,645,10,,,0,120,,647,10,0,5 6,0
2132000,'cal11-sat-1',637,,667,10,,,0,85,,671,10,,,0,85,,672,10,,,0,45,,673,10,,,0,85,,674,10,0,5 6,0,170,,675,10,0,5 6,0,45,,676,10,,,0,85,,677,10,,,0,85,,657,10,,,0,85,,658,10,,,0,45,,659,10,,,0,86,,660,10,,,0,85,,661,10,,,0,85,,662,10,,,0,40,,663,10,0,5 6,0,89,,664,10,0,5 6,0,115,,665,10,,,0,170,,666,10,,,0,130,,668,10,,,0,160,,669,10,,,0,120,,670,10,0,5 6,0
2132000,'cal12-fri',632,,690,10,,,0,85,,696,10,,,0,90,,697,10,,,0,50,,698,10,,,0,90,,699,10,,,0,165,,700,10,,,0,90,,701,10,,,0,50,,702,10,,,0,90,,680,10,,,0,90,,681,10,,,0,91,,682,10,,,0,90,,683,10,,,0,90,,684,10,,,0,45,,685,10,,,0,169,,686,10,,,0,35,,687,10,,,0,90,,688,10,,,0,80,,689,10,,,0,85,,691,10,,,0,45,,692,10,,,0,80,,693,10,,,0,80,,694,10,,,0,40,,695,10,0,5 6,0
2132000,'cal13-sat',637,,715,10,,,0,85,,723,10,,,0,85,,724,10,,,0,45,,725,10,,,0,85,,726,10,0,5 6,0,170,,727,10,0,5 6,0,45,,728,10,,,0,85,,729,10,,,0,85,,705,10,,,0,85,,706,10,,,0,45,,707,10,,,0,86,,708,10,,,0,85,,709,10,,,0,85,,710,10,,,0,40,,711,10,0,5 6,0,89,,712,10,0,5 6,0,115,,713,10,,,0,85,,714,10,,,0,85,,716,10,,,0,85,,717,10,,,0,45,,718,10,,,0,75,,719,10,,,0,85,,720,10,,,0,40,,721,10,0,5 6,0,80,,722,10,0,5 6,0
2132000,'cal2-fri',632,,742,10,,,0,85,,746,10,,,0,90,,747,10,,,0,50,,748,10,,,0,90,,749,10,,,0,165,,750,10,,,0,90,,751,10,,,0,50,,752,10,,,0,90,,732,10,,,0,90,,733,10,,,0,91,,734,10,,,0,90,,735,10,,,0,90,,736,10,,,0,45,,737,10,,,0,169,,738,10,,,0,35,,739,10,,,0,90,,740,10,,,0,80,,741,10,,,0,85,,743,10,,,0,125,,744,10,,,0,120,,745,10,0,5 6,0
2132000,'cal3-sat',637,,765,10,,,0,85,,771,10,,,0,85,,772,10,,,0,45,,773,10,,,0,85,,774,10,0,5 6,0,170,,775,10,0,5 6,0,45,,776,10,,,0,85,,777,10,,,0,85,,755,10,,,0,85,,756,10,,,0,45,,757,10,,,0,86,,758,10,,,0,85,,759,10,,,0,85,,760,10,,,0,40,,761,10,0,5 6,0,89,,762,10,,,0,115,,763,10,,,0,85,,764,10,,,0,85,,766,10,,,0,85,,767,10,0,5 6,0,45,,768,10,,,0,160,,769,10,,,0,120,,770,10,0,5 6,0
2132000,'cal4-sun-3',637,,790,10,,,0,85,,793,10,,,0,85,,794,10,,,0,45,,795,10,,,0,85,,796,10,0,5 6,0,170,,797,10,0,5 6,0,45,,798,10,,,0,85,,799,10,,,0,85,,780,10,,,0,85,,781,10,,,0,45,,782,10,,,0,86,,783,10,,,0,85,,784,10,,,0,85,,785,10,,,0,40,,786,10,0,5 6,0,89,,787,10,0,5 6,0,115,,788,10,,,0,170,,789,10,,,0,130,,791,10,,,0,160,,792,10,0,5 6,0
2132000,'cal5-sat',637,,812,10,,,0,85,,823,10,,,0,85,,824,10,,,0,45,,825,10,,,0,85,,826,10,0,5 6,0,170,,828,10,0,5 6,0,20,,829,10,,,0,25,,802,10,,,0,85,,803,10,,,0,15,,804,10,,,0,70,,805,10,,,0,85,,806,10,,,0,45,,807,10,,,0,56,,808,10,,,0,30,,809,10,,,0,85,,810,10,,,0,15,,811,10,,,0,70,,813,10,,,0,40,,814,10,0,5 6,0,89,,815,10,,,0,115,,816,10,,,0,85,,817,10,,,0,85,,818,10,,,0,85,,819,10,0,5 6,0,45,,820,10,,,0,160,,821,10,,,0,120,,822,10,0,5 6,0
2132000,'cal6-sun',637,,842,10,,,0,85,,850,10,,,0,85,,851,10,,,0,45,,852,10,,,0,85,,853,10,0,5 6,0,170,,855,10,0,5 6,0,20,,856,10,,,0,25,,832,10,,,0,85,,833,10,,,0,15,,834,10,,,0,70,,835,10,,,0,85,,836,10,,,0,45,,837,10,,,0,56,,838,10,,,0,30,,839,10,,,0,85,,840,10,,,0,15,,841,10,,,0,70,,843,10,,,0,40,,844,10,0,5 6,0,89,,845,10,,,0,115,,846,10,,,0,170,,847,10,,,0,130,,848,10,,,0,160,,849,10,0,5 6,0
2132000,'cal7-sat',637,,869,10,,,0,85,,880,10,,,0,85,,883,10,,,0,45,,884,10,,,0,85,,885,10,0,5 6,0,170,,887,10,0,5 6,0,20,,888,10,,,0,25,,859,10,,,0,85,,860,10,,,0,15,,861,10,,,0,70,,862,10,,,0,85,,863,10,,,0,45,,864,10,,,0,56,,865,10,,,0,30,,866,10,,,0,85,,867,10,,,0,15,,868,10,,,0,70,,870,10,,,0,40,,871,10,0,5 6,0,60,,872,10,,,0,29,,873,10,,,0,91,,874,10,,,0,24,,875,10,,,0,85,,876,10,,,0,85,,877,10,,,0,85,,878,10,0,5 6,0,45,,879,10,,,0,160,,881,10,,,0,120,,882,10,0,5 6,0
2132000,'cal8-sun',637,,901,10,,,0,85,,912,10,,,0,85,,914,10,,,0,45,,915,10,,,0,85,,916,10,0,5 6,0,170,,918,10,0,5 6,0,20,,919,10,,,0,25,,891,10,,,0,85,,892,10,,,0,15,,893,10,,,0,70,,894,10,,,0,85,,895,10,,,0,45,,896,10,,,0,56,,897,10,,,0,30,,898,10,,,0,85,,899,10,,,0,15,,900,10,,,0,70,,902,10,,,0,40,,903,10,0,5 6,0,60,,904,10,,,0,29,,905,10,,,0,91,,906,10,,,0,24,,907,10,,,0,85,,908,10,,,0,85,,909,10,,,0,85,,910,10,0,5 6,0,45,,911,10,,,0,160,,913,10,0,5 6,0
2132000,'cal9-mon',632,,932,10,,,0,85,,939,10,,,0,90,,940,10,,,0,50,,941,10,,,0,90,,942,10,,,0,165,,943,10,,,0,90,,945,10,,,0,50,,922,10,,,0,55,,923,10,,,0,35,,924,10,,,0,90,,925,10,,,0,76,,926,10,,,0,15,,927,10,,,0,90,,928,10,,,0,30,,929,10,,,0,60,,930,10,,,0,45,,931,10,,,0,169,,933,10,,,0,125,,934,10,,,0,165,,935,10,,,0,125,,937,10,0,5 6,0,120,,938,10,0,5 6,0
