2132000,'cal1-mon-tue-wed-thu-1',606,,614,71,,,0,43,,615,71,,,0,82,,626,71,,,0,94,,627,71,,,0,90,,628,71,,,0,88,,629,71,,,0,53,,630,71,,,0,162,,631,71,,,0,92,,632,71,,,0,48,,633,71,,,0,90,,616,71,,,0,92,,617,71,,,0,92,,618,71,,,0,90,,619,71,,,0,89,,620,71,,,0,202,,622,71,,,0,125,,623,71,,,0,163,,624,71,,,0
2132000,'cal10-fri-1',606,,634,71,,,0,43,,635,71,,,0,82,,646,71,,,0,94,,648,71,,,0,90,,649,71,,,0,88,,650,71,,,0,53,,651,71,,,0,162,,652,71,,,0,92,,653,71,,,0,48,,654,71,,,0,90,,636,71,,,0,92,,637,71,,,0,92,,638,71,,,0,90,,639,71,,,0,89,,640,71,,,0,202,,642,71,,,0,125,,643,71,,,0,163,,644,71,,,0,125,,645,71,,,0
2132000,'cal11-sat-1',611,,655,71,,,0,43,,656,71,,,0,82,,667,71,,,0,85,,671,71,,,0,85,,672,71,,,0,45,,673,71,,,0,88,,674,71,0,5 6,0,168,,675,71,0,5 6,0,44,,676,71,,,0,86,,677,71,,,0,84,,657,71,,,0,86,,658,71,,,0,47,,659,71,,,0,84,,660,71,,,0,85,,661,71,,,0,85,,662,71,,,0,38,,663,71,0,5 6,0,202,,665,71,,,0,170,,666,71,,,0,128,,668,71,,,0,160,,669,71,,,0
2132000,'cal12-fri',606,,678,71,,,0,43,,679,71,,,0,82,,690,71,,,0,94,,696,71,,,0,90,,697,71,,,0,88,,698,71,,,0,53,,699,71,,,0,162,,700,71,,,0,92,,701,71,,,0,48,,702,71,,,0,90,,680,71,,,0,92,,681,71,,,0,92,,682,71,,,0,90,,683,71,,,0,89,,684,71,,,0,35,,685,71,,,0,167,,686,71,,,0,35,,687,71,,,0,90,,688,71,,,0,80,,689,71,,,0,83,,691,71,,,0,45,,692,71,,,0,80,,693,71,,,0
2132000,'cal13-sat',611,,703,71,,,0,43,,704,71,,,0,82,,715,71,,,0,85,,723,71,,,0,85,,724,71,,,0,45,,725,71,,,0,88,,726,71,0,5 6,0,168,,727,71,0,5 6,0,44,,728,71,,,0,86,,729,71,,,0,84,,705,71,,,0,86,,706,71,,,0,47,,707,71,,,0,84,,708,71,,,0,85,,709,71,,,0,85,,710,71,,,0,38,,711,71,0,5 6,0,87,,712,71,0,5 6,0,115,,713,71,,,0,85,,714,71,,,0,85,,716,71,,,0,85,,717,71,,,0,43,,718,71,,,0,75,,719,71,,,0,85,,720,71,,,0
2132000,'cal2-fri',606,,730,71,,,0,43,,731,71,,,0,82,,742,71,,,0,94,,746,71,,,0,90,,747,71,,,0,88,,748,71,,,0,53,,749,71,,,0,162,,750,71,,,0,92,,751,71,,,0,48,,752,71,,,0,90,,732,71,,,0,92,,733,71,,,0,92,,734,71,,,0,90,,735,71,,,0,89,,736,71,,,0,35,,737,71,,,0,167,,738,71,,,0,35,,739,71,,,0,90,,740,71,,,0,163,,743,71,,,0,125,,744,71,,,0
2132000,'cal3-sat',611,,753,71,,,0,43,,754,71,,,0,82,,765,71,,,0,85,,771,71,,,0,85,,772,71,,,0,45,,773,71,,,0,88,,774,71,0,5 6,0,168,,775,71,0,5 6,0,44,,776,71,,,0,86,,777,71,,,0,84,,755,71,,,0,86,,756,71,,,0,47,,757,71,,,0,84,,758,71,,,0,85,,759,71,,,0,85,,760,71,,,0,38,,761,71,0,5 6,0,87,,762,71,,,0,115,,763,71,,,0,85,,764,71,,,0,85,,766,71,,,0,128,,768,71,,,0,160,,769,71,,,0
2132000,'cal4-sun-3',611,,778,71,,,0,43,,779,71,,,0,82,,790,71,,,0,85,,793,71,,,0,85,,794,71,,,0,45,,795,71,,,0,88,,796,71,0,5 6,0,168,,797,71,0,5 6,0,44,,798,71,,,0,86,,799,71,,,0,84,,780,71,,,0,86,,781,71,,,0,47,,782,71,,,0,84,,783,71,,,0,85,,784,71,,,0,85,,785,71,,,0,38,,786,71,0,5 6,0,202,,788,71,,,0,170,,789,71,,,0,128,,791,71,,,0
2132000,'cal5-sat',611,,800,71,,,0,43,,801,71,,,0,82,,812,71,,,0,85,,823,71,,,0,85,,824,71,,,0,45,,825,71,,,0,88,,826,71,0,5 6,0,64,,827,71,,,0,104,,828,71,0,5 6,0,19,,829,71,,,0,25,,802,71,,,0,86,,803,71,,,0,14,,804,71,,,0,70,,805,71,,,0,86,,806,71,,,0,47,,807,71,,,0,55,,808,71,,,0,29,,809,71,,,0,85,,810,71,,,0,15,,811,71,,,0,70,,813,71,,,0,38,,814,71,0,5 6,0,87,,815,71,,,0,115,,816,71,,,0,85,,817,71,,,0,85,,818,71,,,0,128,,820,71,,,0,160,,821,71,,,0
2132000,'cal6-sun',611,,830,71,,,0,43,,831,71,,,0,82,,842,71,,,0,85,,850,71,,,0,85,,851,71,,,0,45,,852,71,,,0,88,,853,71,0,5 6,0,64,,854,71,,,0,104,,855,71,0,5 6,0,19,,856,71,,,0,25,,832,71,,,0,86,,833,71,,,0,14,,834,71,,,0,70,,835,71,,,0,86,,836,71,,,0,47,,837,71,,,0,55,,838,71,,,0,29,,839,71,,,0,85,,840,71,,,0,15,,841,71,,,0,70,,843,71,,,0,38,,844,71,0,5 6,0,202,,846,71,,,0,170,,847,71,,,0,128,,848,71,,,0
2132000,'cal7-sat',611,,857,71,,,0,43,,858,71,,,0,82,,869,71,,,0,85,,880,71,,,0,85,,883,71,,,0,45,,884,71,,,0,88,,885,71,0,5 6,0,64,,886,71,,,0,104,,887,71,0,5 6,0,19,,888,71,,,0,25,,859,71,,,0,86,,860,71,,,0,14,,861,71,,,0,70,,862,71,,,0,86,,863,71,,,0,47,,864,71,,,0,55,,865,71,,,0,29,,866,71,,,0,85,,867,71,,,0,15,,868,71,,,0,70,,870,71,,,0,38,,871,71,0,5 6,0,58,,872,71,,,0,29,,873,71,,,0,115,,875,71,,,0,85,,876,71,,,0,85,,877,71,,,0,128,,879,71,,,0,160,,881,71,,,0
2132000,'cal8-sun',611,,889,71,,,0,43,,890,71,,,0,82,,901,71,,,0,85,,912,71,,,0,85,,914,71,,,0,45,,915,71,,,0,88,,916,71,0,5 6,0,64,,917,71,,,0,104,,918,71,0,5 6,0,19,,919,71,,,0,25,,891,71,,,0,86,,892,71,,,0,14,,893,71,,,0,70,,894,71,,,0,86,,895,71,,,0,47,,896,71,,,0,55,,897,71,,,0,29,,898,71,,,0,85,,899,71,,,0,15,,900,71,,,0,70,,902,71,,,0,38,,903,71,0,5 6,0,58,,904,71,,,0,29,,905,71,,,0,115,,907,71,,,0,85,,908,71,,,0,85,,909,71,,,0,128,,911,71,,,0
2132000,'cal9-mon',606,,920,71,,,0,43,,921,71,,,0,82,,932,71,,,0,94,,939,71,,,0,90,,940,71,,,0,88,,941,71,,,0,53,,942,71,,,0,162,,943,71,,,0,21,,944,71,,,0,71,,945,71,,,0,48,,922,71,,,0,55,,923,71,,,0,35,,924,71,,,0,92,,925,71,,,0,77,,926,71,,,0,15,,927,71,,,0,90,,928,71,,,0,29,,929,71,,,0,60,,930,71,,,0,202,,933,71,,,0,125,,934,71,,,0,163,,935,71,,,0,125,,936,71,,,0
