2132000,'cal1-mon-tue-wed-thu-1',644,,626,24,,,0,85,,627,24,,,0,90,,628,24,,,0,90,,629,24,,,0,50,,630,24,,,0,165,,631,24,,,0,90,,632,24,,,0,90,,633,24,,,0,50,,616,24,,,0,91,,617,24,,,0,91,,618,24,,,0,90,,619,24,,,0,90,,620,24,,,0,85,,621,24,,,0,128,,622,24,,,0,125,,623,24,,,0,165,,624,24,,,0,125,,625,24,0,5 6,0
2132000,'cal10-fri-1',644,,646,24,,,0,85,,648,24,,,0,90,,649,24,,,0,90,,650,24,,,0,50,,651,24,,,0,165,,652,24,,,0,90,,653,24,,,0,90,,654,24,,,0,50,,636,24,,,0,91,,637,24,,,0,91,,638,24,,,0,90,,639,24,,,0,90,,640,24,,,0,85,,641,24,,,0,128,,642,24,,,0,125,,643,24,,,0,165,,644,24,,,0,125,,645,24,,,0,160,,647,24,0,5 6,0
2132000,'cal11-sat-1',649,,667,24,,,0,85,,671,24,,,0,85,,672,24,,,0,85,,673,24,,,0,45,,674,24,0,5 6,0,170,,675,24,0,5 6,0,85,,676,24,,,0,45,,677,24,,,0,85,,657,24,,,0,86,,658,24,,,0,85,,659,24,,,0,46,,660,24,,,0,85,,661,24,,,0,85,,662,24,,,0,80,,663,24,0,5 6,0,48,,664,24,0,5 6,0,155,,665,24,,,0,130,,666,24,,,0,170,,668,24,,,0,120,,669,24,,,0,120,,670,24,0,5 6,0
2132000,'cal12-fri',644,,690,24,,,0,85,,696,24,,,0,90,,697,24,,,0,90,,698,24,,,0,50,,699,24,,,0,165,,700,24,,,0,90,,701,24,,,0,90,,702,24,,,0,50,,680,24,,,0,91,,681,24,,,0,91,,682,24,,,0,90,,683,24,,,0,90,,684,24,,,0,85,,685,24,,,0,128,,686,24,,,0,75,,687,24,,,0,50,,688,24,,,0,80,,689,24,,,0,85,,691,24,,,0,85,,692,24,,,0,40,,693,24,,,0,80,,694,24,,,0,80,,695,24,0,5 6,0
2132000,'cal13-sat',649,,715,24,,,0,85,,723,24,,,0,85,,724,24,,,0,85,,725,24,,,0,45,,726,24,0,5 6,0,170,,727,24,0,5 6,0,85,,728,24,,,0,45,,729,24,,,0,85,,705,24,,,0,86,,706,24,,,0,85,,707,24,,,0,46,,708,24,,,0,85,,709,24,,,0,85,,710,24,,,0,80,,711,24,0,5 6,0,48,,712,24,0,5 6,0,155,,713,24,,,0,45,,714,24,,,0,85,,716,24,,,0,85,,717,24,,,0,85,,718,24,,,0,35,,719,24,,,0,85,,720,24,,,0,80,,721,24,0,5 6,0,40,,722,24,0,5 6,0
2132000,'cal2-fri',644,,742,24,,,0,85,,746,24,,,0,90,,747,24,,,0,90,,748,24,,,0,50,,749,24,,,0,165,,750,24,,,0,90,,751,24,,,0,90,,752,24,,,0,50,,732,24,,,0,91,,733,24,,,0,91,,734,24,,,0,90,,735,24,,,0,90,,736,24,,,0,85,,737,24,,,0,128,,738,24,,,0,75,,739,24,,,0,50,,740,24,,,0,80,,741,24,,,0,85,,743,24,,,0,125,,744,24,,,0,160,,745,24,0,5 6,0
2132000,'cal3-sat',649,,765,24,,,0,85,,771,24,,,0,85,,772,24,,,0,85,,773,24,,,0,45,,774,24,0,5 6,0,170,,775,24,0,5 6,0,85,,776,24,,,0,45,,777,24,,,0,85,,755,24,,,0,86,,756,24,,,0,85,,757,24,,,0,46,,758,24,,,0,85,,759,24,,,0,85,,760,24,,,0,80,,761,24,0,5 6,0,48,,762,24,,,0,155,,763,24,,,0,45,,764,24,,,0,85,,766,24,,,0,85,,767,24,0,5 6,0,85,,768,24,,,0,120,,769,24,,,0,120,,770,24,0,5 6,0
2132000,'cal4-sun-3',649,,790,24,,,0,85,,793,24,,,0,85,,794,24,,,0,85,,795,24,,,0,45,,796,24,0,5 6,0,170,,797,24,0,5 6,0,85,,798,24,,,0,45,,799,24,,,0,85,,780,24,,,0,86,,781,24,,,0,85,,782,24,,,0,46,,783,24,,,0,85,,784,24,,,0,85,,785,24,,,0,80,,786,24,0,5 6,0,48,,787,24,0,5 6,0,155,,788,24,,,0,130,,789,24,,,0,170,,791,24,,,0,120,,792,24,0,5 6,0
2132000,'cal5-sat',649,,812,24,,,0,85,,823,24,,,0,85,,824,24,,,0,85,,825,24,,,0,45,,826,24,0,5 6,0,170,,828,24,0,5 6,0,20,,829,24,,,0,65,,802,24,,,0,45,,803,24,,,0,55,,804,24,,,0,30,,805,24,,,0,86,,806,24,,,0,85,,807,24,,,0,16,,808,24,,,0,30,,809,24,,,0,85,,810,24,,,0,15,,811,24,,,0,70,,813,24,,,0,80,,814,24,0,5 6,0,48,,815,24,,,0,155,,816,24,,,0,45,,817,24,,,0,85,,818,24,,,0,85,,819,24,0,5 6,0,85,,820,24,,,0,120,,821,24,,,0,120,,822,24,0,5 6,0
2132000,'cal6-sun',649,,842,24,,,0,85,,850,24,,,0,85,,851,24,,,0,85,,852,24,,,0,45,,853,24,0,5 6,0,170,,855,24,0,5 6,0,20,,856,24,,,0,65,,832,24,,,0,45,,833,24,,,0,55,,834,24,,,0,30,,835,24,,,0,86,,836,24,,,0,85,,837,24,,,0,16,,838,24,,,0,30,,839,24,,,0,85,,840,24,,,0,15,,841,24,,,0,70,,843,24,,,0,80,,844,24,0,5 6,0,48,,845,24,,,0,155,,846,24,,,0,130,,847,24,,,0,170,,848,24,,,0,120,,849,24,0,5 6,0
2132000,'cal7-sat',649,,869,24,,,0,85,,880,24,,,0,85,,883,24,,,0,85,,884,24,,,0,45,,885,24,0,5 6,0,170,,887,24,0,5 6,0,20,,888,24,,,0,65,,859,24,,,0,45,,860,24,,,0,55,,861,24,,,0,30,,862,24,,,0,86,,863,24,,,0,85,,864,24,,,0,16,,865,24,,,0,30,,866,24,,,0,85,,867,24,,,0,15,,868,24,,,0,70,,870,24,,,0,80,,871,24,0,5 6,0,19,,872,24,,,0,29,,873,24,,,0,91,,874,24,,,0,64,,875,24,,,0,45,,876,24,,,0,85,,877,24,,,0,85,,878,24,0,5 6,0,85,,879,24,,,0,120,,881,24,,,0,120,,882,24,0,5 6,0
2132000,'cal8-sun',649,,901,24,,,0,85,,912,24,,,0,85,,914,24,,,0,85,,915,24,,,0,45,,916,24,0,5 6,0,170,,918,24,0,5 6,0,20,,919,24,,,0,65,,891,24,,,0,45,,892,24,,,0,55,,893,24,,,0,30,,894,24,,,0,86,,895,24,,,0,85,,896,24,,,0,16,,897,24,,,0,30,,898,24,,,0,85,,899,24,,,0,15,,900,24,,,0,70,,902,24,,,0,80,,903,24,0,5 6,0,19,,904,24,,,0,29,,905,24,,,0,91,,906,24,,,0,64,,907,24,,,0,45,,908,24,,,0,85,,909,24,,,0,85,,910,24,0,5 6,0,85,,911,24,,,0,120,,913,24,0,5 6,0
2132000,'cal9-mon',644,,932,24,,,0,85,,939,24,,,0,90,,940,24,,,0,90,,941,24,,,0,50,,942,24,,,0,165,,943,24,,,0,90,,945,24,,,0,90,,922,24,,,0,15,,923,24,,,0,35,,924,24,,,0,91,,925,24,,,0,76,,926,24,,,0,15,,927,24,,,0,90,,928,24,,,0,30,,929,24,,,0,60,,930,24,,,0,85,,931,24,,,0,128,,933,24,,,0,125,,934,24,,,0,165,,935,24,,,0,125,,937,24,0,5 6,0,160,,938,24,0,5 6,0
