2132000,'cal1-mon-tue-wed-thu-1',607,,614,72,,,0,43,,615,72,,,0,82,,626,72,,,0,94,,627,72,,,0,90,,628,72,,,0,88,,629,72,,,0,53,,630,72,,,0,162,,631,72,,,0,92,,632,72,,,0,48,,633,72,,,0,90,,616,72,,,0,92,,617,72,,,0,92,,618,72,,,0,90,,619,72,,,0,89,,620,72,,,0,202,,622,72,,,0,125,,623,72,,,0,163,,624,72,,,0
2132000,'cal10-fri-1',607,,634,72,,,0,43,,635,72,,,0,82,,646,72,,,0,94,,648,72,,,0,90,,649,72,,,0,88,,650,72,,,0,53,,651,72,,,0,162,,652,72,,,0,92,,653,72,,,0,48,,654,72,,,0,90,,636,72,,,0,92,,637,72,,,0,92,,638,72,,,0,90,,639,72,,,0,89,,640,72,,,0,202,,642,72,,,0,125,,643,72,,,0,163,,644,72,,,0,125,,645,72,,,0
2132000,'cal11-sat-1',612,,655,72,,,0,43,,656,72,,,0,82,,667,72,,,0,85,,671,72,,,0,85,,672,72,,,0,45,,673,72,,,0,88,,674,72,0,5 6,0,168,,675,72,0,5 6,0,44,,676,72,,,0,86,,677,72,,,0,84,,657,72,,,0,86,,658,72,,,0,47,,659,72,,,0,84,,660,72,,,0,85,,661,72,,,0,85,,662,72,,,0,38,,663,72,0,5 6,0,202,,665,72,,,0,170,,666,72,,,0,128,,668,72,,,0,160,,669,72,,,0
2132000,'cal12-fri',607,,678,72,,,0,43,,679,72,,,0,82,,690,72,,,0,94,,696,72,,,0,90,,697,72,,,0,88,,698,72,,,0,53,,699,72,,,0,162,,700,72,,,0,92,,701,72,,,0,48,,702,72,,,0,90,,680,72,,,0,92,,681,72,,,0,92,,682,72,,,0,90,,683,72,,,0,89,,684,72,,,0,35,,685,72,,,0,167,,686,72,,,0,35,,687,72,,,0,90,,688,72,,,0,80,,689,72,,,0,83,,691,72,,,0,45,,692,72,,,0,80,,693,72,,,0
2132000,'cal13-sat',612,,703,72,,,0,43,,704,72,,,0,82,,715,72,,,0,85,,723,72,,,0,85,,724,72,,,0,45,,725,72,,,0,88,,726,72,0,5 6,0,168,,727,72,0,5 6,0,44,,728,72,,,0,86,,729,72,,,0,84,,705,72,,,0,86,,706,72,,,0,47,,707,72,,,0,84,,708,72,,,0,85,,709,72,,,0,85,,710,72,,,0,38,,711,72,0,5 6,0,87,,712,72,0,5 6,0,115,,713,72,,,0,85,,714,72,,,0,85,,716,72,,,0,85,,717,72,,,0,43,,718,72,,,0,75,,719,72,,,0,85,,720,72,,,0
2132000,'cal2-fri',607,,730,72,,,0,43,,731,72,,,0,82,,742,72,,,0,94,,746,72,,,0,90,,747,72,,,0,88,,748,72,,,0,53,,749,72,,,0,162,,750,72,,,0,92,,751,72,,,0,48,,752,72,,,0,90,,732,72,,,0,92,,733,72,,,0,92,,734,72,,,0,90,,735,72,,,0,89,,736,72,,,0,35,,737,72,,,0,167,,738,72,,,0,35,,739,72,,,0,90,,740,72,,,0,163,,743,72,,,0,125,,744,72,,,0
2132000,'cal3-sat',612,,753,72,,,0,43,,754,72,,,0,82,,765,72,,,0,85,,771,72,,,0,85,,772,72,,,0,45,,773,72,,,0,88,,774,72,0,5 6,0,168,,775,72,0,5 6,0,44,,776,72,,,0,86,,777,72,,,0,84,,755,72,,,0,86,,756,72,,,0,47,,757,72,,,0,84,,758,72,,,0,85,,759,72,,,0,85,,760,72,,,0,38,,761,72,0,5 6,0,87,,762,72,,,0,115,,763,72,,,0,85,,764,72,,,0,85,,766,72,,,0,128,,768,72,,,0,160,,769,72,,,0
2132000,'cal4-sun-3',612,,778,72,,,0,43,,779,72,,,0,82,,790,72,,,0,85,,793,72,,,0,85,,794,72,,,0,45,,795,72,,,0,88,,796,72,0,5 6,0,168,,797,72,0,5 6,0,44,,798,72,,,0,86,,799,72,,,0,84,,780,72,,,0,86,,781,72,,,0,47,,782,72,,,0,84,,783,72,,,0,85,,784,72,,,0,85,,785,72,,,0,38,,786,72,0,5 6,0,202,,788,72,,,0,170,,789,72,,,0,128,,791,72,,,0
2132000,'cal5-sat',612,,800,72,,,0,43,,801,72,,,0,82,,812,72,,,0,85,,823,72,,,0,85,,824,72,,,0,45,,825,72,,,0,88,,826,72,0,5 6,0,64,,827,72,,,0,104,,828,72,0,5 6,0,19,,829,72,,,0,25,,802,72,,,0,86,,803,72,,,0,14,,804,72,,,0,70,,805,72,,,0,86,,806,72,,,0,47,,807,72,,,0,55,,808,72,,,0,29,,809,72,,,0,85,,810,72,,,0,15,,811,72,,,0,70,,813,72,,,0,38,,814,72,0,5 6,0,87,,815,72,,,0,115,,816,72,,,0,85,,817,72,,,0,85,,818,72,,,0,128,,820,72,,,0,160,,821,72,,,0
2132000,'cal6-sun',612,,830,72,,,0,43,,831,72,,,0,82,,842,72,,,0,85,,850,72,,,0,85,,851,72,,,0,45,,852,72,,,0,88,,853,72,0,5 6,0,64,,854,72,,,0,104,,855,72,0,5 6,0,19,,856,72,,,0,25,,832,72,,,0,86,,833,72,,,0,14,,834,72,,,0,70,,835,72,,,0,86,,836,72,,,0,47,,837,72,,,0,55,,838,72,,,0,29,,839,72,,,0,85,,840,72,,,0,15,,841,72,,,0,70,,843,72,,,0,38,,844,72,0,5 6,0,202,,846,72,,,0,170,,847,72,,,0,128,,848,72,,,0
2132000,'cal7-sat',612,,857,72,,,0,43,,858,72,,,0,82,,869,72,,,0,85,,880,72,,,0,85,,883,72,,,0,45,,884,72,,,0,88,,885,72,0,5 6,0,64,,886,72,,,0,104,,887,72,0,5 6,0,19,,888,72,,,0,25,,859,72,,,0,86,,860,72,,,0,14,,861,72,,,0,70,,862,72,,,0,86,,863,72,,,0,47,,864,72,,,0,55,,865,72,,,0,29,,866,72,,,0,85,,867,72,,,0,15,,868,72,,,0,70,,870,72,,,0,38,,871,72,0,5 6,0,58,,872,72,,,0,29,,873,72,,,0,115,,875,72,,,0,85,,876,72,,,0,85,,877,72,,,0,128,,879,72,,,0,160,,881,72,,,0
2132000,'cal8-sun',612,,889,72,,,0,43,,890,72,,,0,82,,901,72,,,0,85,,912,72,,,0,85,,914,72,,,0,45,,915,72,,,0,88,,916,72,0,5 6,0,64,,917,72,,,0,104,,918,72,0,5 6,0,19,,919,72,,,0,25,,891,72,,,0,86,,892,72,,,0,14,,893,72,,,0,70,,894,72,,,0,86,,895,72,,,0,47,,896,72,,,0,55,,897,72,,,0,29,,898,72,,,0,85,,899,72,,,0,15,,900,72,,,0,70,,902,72,,,0,38,,903,72,0,5 6,0,58,,904,72,,,0,29,,905,72,,,0,115,,907,72,,,0,85,,908,72,,,0,85,,909,72,,,0,128,,911,72,,,0
2132000,'cal9-mon',607,,920,72,,,0,43,,921,72,,,0,82,,932,72,,,0,94,,939,72,,,0,90,,940,72,,,0,88,,941,72,,,0,53,,942,72,,,0,162,,943,72,,,0,21,,944,72,,,0,71,,945,72,,,0,48,,922,72,,,0,55,,923,72,,,0,35,,924,72,,,0,92,,925,72,,,0,77,,926,72,,,0,15,,927,72,,,0,90,,928,72,,,0,29,,929,72,,,0,60,,930,72,,,0,202,,933,72,,,0,125,,934,72,,,0,163,,935,72,,,0,125,,936,72,,,0
