2132000,'cal1-mon-tue-wed-thu-1',612,,614,77,,,0,43,,615,77,,,0,82,,626,77,,,0,94,,627,77,,,0,90,,628,77,,,0,88,,629,77,,,0,93,,630,77,,,0,122,,631,77,,,0,92,,632,77,,,0,88,,633,77,,,0,50,,616,77,,,0,92,,617,77,,,0,92,,618,77,,,0,90,,619,77,,,0,89,,620,77,,,0,201,,622,77,,,0,125,,623,77,,,0,163,,624,77,,,0
2132000,'cal10-fri-1',612,,634,77,,,0,43,,635,77,,,0,82,,646,77,,,0,94,,648,77,,,0,90,,649,77,,,0,88,,650,77,,,0,93,,651,77,,,0,122,,652,77,,,0,92,,653,77,,,0,88,,654,77,,,0,50,,636,77,,,0,92,,637,77,,,0,92,,638,77,,,0,90,,639,77,,,0,89,,640,77,,,0,201,,642,77,,,0,125,,643,77,,,0,163,,644,77,,,0,125,,645,77,,,0
2132000,'cal11-sat-1',617,,655,77,,,0,83,,656,77,,,0,42,,667,77,,,0,85,,671,77,,,0,85,,672,77,,,0,45,,673,77,,,0,88,,674,77,0,5 6,0,168,,675,77,0,5 6,0,44,,676,77,,,0,86,,677,77,,,0,84,,657,77,,,0,86,,658,77,,,0,87,,659,77,,,0,44,,660,77,,,0,85,,661,77,,,0,85,,662,77,,,0,38,,663,77,0,5 6,0,201,,665,77,,,0,170,,666,77,,,0,128,,668,77,,,0,160,,669,77,,,0
2132000,'cal12-fri',612,,678,77,,,0,43,,679,77,,,0,82,,690,77,,,0,94,,696,77,,,0,90,,697,77,,,0,88,,698,77,,,0,93,,699,77,,,0,122,,700,77,,,0,92,,701,77,,,0,88,,702,77,,,0,50,,680,77,,,0,92,,681,77,,,0,92,,682,77,,,0,90,,683,77,,,0,89,,684,77,,,0,35,,685,77,,,0,166,,686,77,,,0,35,,687,77,,,0,90,,688,77,,,0,80,,689,77,,,0,83,,691,77,,,0,45,,692,77,,,0,80,,693,77,,,0
2132000,'cal13-sat',617,,703,77,,,0,83,,704,77,,,0,42,,715,77,,,0,85,,723,77,,,0,85,,724,77,,,0,45,,725,77,,,0,88,,726,77,0,5 6,0,168,,727,77,0,5 6,0,44,,728,77,,,0,86,,729,77,,,0,84,,705,77,,,0,86,,706,77,,,0,87,,707,77,,,0,44,,708,77,,,0,85,,709,77,,,0,85,,710,77,,,0,38,,711,77,0,5 6,0,86,,712,77,0,5 6,0,115,,713,77,,,0,85,,714,77,,,0,85,,716,77,,,0,85,,717,77,,,0,43,,718,77,,,0,75,,719,77,,,0,85,,720,77,,,0
2132000,'cal2-fri',612,,730,77,,,0,43,,731,77,,,0,82,,742,77,,,0,94,,746,77,,,0,90,,747,77,,,0,88,,748,77,,,0,93,,749,77,,,0,122,,750,77,,,0,92,,751,77,,,0,88,,752,77,,,0,50,,732,77,,,0,92,,733,77,,,0,92,,734,77,,,0,90,,735,77,,,0,89,,736,77,,,0,35,,737,77,,,0,166,,738,77,,,0,35,,739,77,,,0,90,,740,77,,,0,163,,743,77,,,0,125,,744,77,,,0
2132000,'cal3-sat',617,,753,77,,,0,83,,754,77,,,0,42,,765,77,,,0,85,,771,77,,,0,85,,772,77,,,0,45,,773,77,,,0,88,,774,77,0,5 6,0,168,,775,77,0,5 6,0,44,,776,77,,,0,86,,777,77,,,0,84,,755,77,,,0,86,,756,77,,,0,87,,757,77,,,0,44,,758,77,,,0,85,,759,77,,,0,85,,760,77,,,0,38,,761,77,0,5 6,0,86,,762,77,,,0,115,,763,77,,,0,85,,764,77,,,0,85,,766,77,,,0,128,,768,77,,,0,160,,769,77,,,0
2132000,'cal4-sun-3',617,,778,77,,,0,83,,779,77,,,0,42,,790,77,,,0,85,,793,77,,,0,85,,794,77,,,0,45,,795,77,,,0,88,,796,77,0,5 6,0,168,,797,77,0,5 6,0,44,,798,77,,,0,86,,799,77,,,0,84,,780,77,,,0,86,,781,77,,,0,87,,782,77,,,0,44,,783,77,,,0,85,,784,77,,,0,85,,785,77,,,0,38,,786,77,0,5 6,0,201,,788,77,,,0,170,,789,77,,,0,128,,791,77,,,0
2132000,'cal5-sat',617,,800,77,,,0,83,,801,77,,,0,42,,812,77,,,0,85,,823,77,,,0,85,,824,77,,,0,45,,825,77,,,0,88,,826,77,0,5 6,0,64,,827,77,,,0,104,,828,77,0,5 6,0,19,,829,77,,,0,25,,802,77,,,0,86,,803,77,,,0,14,,804,77,,,0,70,,805,77,,,0,86,,806,77,,,0,87,,807,77,,,0,15,,808,77,,,0,29,,809,77,,,0,85,,810,77,,,0,15,,811,77,,,0,70,,813,77,,,0,38,,814,77,0,5 6,0,86,,815,77,,,0,115,,816,77,,,0,85,,817,77,,,0,85,,818,77,,,0,128,,820,77,,,0,160,,821,77,,,0
2132000,'cal6-sun',617,,830,77,,,0,83,,831,77,,,0,42,,842,77,,,0,85,,850,77,,,0,85,,851,77,,,0,45,,852,77,,,0,88,,853,77,0,5 6,0,64,,854,77,,,0,104,,855,77,0,5 6,0,19,,856,77,,,0,25,,832,77,,,0,86,,833,77,,,0,14,,834,77,,,0,70,,835,77,,,0,86,,836,77,,,0,87,,837,77,,,0,15,,838,77,,,0,29,,839,77,,,0,85,,840,77,,,0,15,,841,77,,,0,70,,843,77,,,0,38,,844,77,0,5 6,0,201,,846,77,,,0,170,,847,77,,,0,128,,848,77,,,0
2132000,'cal7-sat',617,,857,77,,,0,83,,858,77,,,0,42,,869,77,,,0,85,,880,77,,,0,85,,883,77,,,0,45,,884,77,,,0,88,,885,77,0,5 6,0,64,,886,77,,,0,104,,887,77,0,5 6,0,19,,888,77,,,0,25,,859,77,,,0,86,,860,77,,,0,14,,861,77,,,0,70,,862,77,,,0,86,,863,77,,,0,87,,864,77,,,0,15,,865,77,,,0,29,,866,77,,,0,85,,867,77,,,0,15,,868,77,,,0,70,,870,77,,,0,38,,871,77,0,5 6,0,57,,872,77,,,0,29,,873,77,,,0,115,,875,77,,,0,85,,876,77,,,0,85,,877,77,,,0,128,,879,77,,,0,160,,881,77,,,0
2132000,'cal8-sun',617,,889,77,,,0,83,,890,77,,,0,42,,901,77,,,0,85,,912,77,,,0,85,,914,77,,,0,45,,915,77,,,0,88,,916,77,0,5 6,0,64,,917,77,,,0,104,,918,77,0,5 6,0,19,,919,77,,,0,25,,891,77,,,0,86,,892,77,,,0,14,,893,77,,,0,70,,894,77,,,0,86,,895,77,,,0,87,,896,77,,,0,15,,897,77,,,0,29,,898,77,,,0,85,,899,77,,,0,15,,900,77,,,0,70,,902,77,,,0,38,,903,77,0,5 6,0,57,,904,77,,,0,29,,905,77,,,0,115,,907,77,,,0,85,,908,77,,,0,85,,909,77,,,0,128,,911,77,,,0
2132000,'cal9-mon',612,,920,77,,,0,43,,921,77,,,0,82,,932,77,,,0,94,,939,77,,,0,90,,940,77,,,0,88,,941,77,,,0,93,,942,77,,,0,122,,943,77,,,0,21,,944,77,,,0,71,,945,77,,,0,88,,922,77,,,0,15,,923,77,,,0,35,,924,77,,,0,92,,925,77,,,0,77,,926,77,,,0,15,,927,77,,,0,90,,928,77,,,0,29,,929,77,,,0,60,,930,77,,,0,201,,933,77,,,0,125,,934,77,,,0,163,,935,77,,,0,125,,936,77,,,0
