2132000,'cal1-mon-tue-wed-thu-1',525,,614,32,,,0,83,,615,32,,,0,42,,626,32,,,0,85,,627,32,,,0,90,,628,32,,,0,90,,629,32,,,0,91,,630,32,,,0,125,,631,32,,,0,90,,632,32,,,0,90,,633,32,,,0,90,,616,32,,,0,51,,617,32,,,0,91,,618,32,,,0,90,,619,32,,,0,90,,620,32,,,0,85,,621,32,,,0,127,,622,32,,,0,165,,623,32,,,0,125,,624,32,,,0,125,,625,32,0,5 6,0
2132000,'cal10-fri-1',525,,634,32,,,0,83,,635,32,,,0,42,,646,32,,,0,85,,648,32,,,0,90,,649,32,,,0,90,,650,32,,,0,91,,651,32,,,0,125,,652,32,,,0,90,,653,32,,,0,90,,654,32,,,0,90,,636,32,,,0,51,,637,32,,,0,91,,638,32,,,0,90,,639,32,,,0,90,,640,32,,,0,85,,641,32,,,0,127,,642,32,,,0,165,,643,32,,,0,125,,644,32,,,0,125,,645,32,,,0,160,,647,32,0,5 6,0
2132000,'cal11-sat-1',530,,655,32,,,0,83,,656,32,,,0,42,,667,32,,,0,85,,671,32,,,0,85,,672,32,,,0,85,,673,32,,,0,46,,674,32,0,5 6,0,170,,675,32,0,5 6,0,85,,676,32,,,0,45,,677,32,,,0,85,,657,32,,,0,86,,658,32,,,0,85,,659,32,,,0,46,,660,32,,,0,85,,661,32,,,0,85,,662,32,,,0,80,,663,32,0,5 6,0,47,,664,32,0,5 6,0,155,,665,32,,,0,130,,666,32,,,0,170,,668,32,,,0,120,,669,32,,,0,120,,670,32,0,5 6,0
2132000,'cal12-fri',525,,678,32,,,0,83,,679,32,,,0,42,,690,32,,,0,85,,696,32,,,0,90,,697,32,,,0,90,,698,32,,,0,91,,699,32,,,0,125,,700,32,,,0,90,,701,32,,,0,90,,702,32,,,0,90,,680,32,,,0,51,,681,32,,,0,91,,682,32,,,0,90,,683,32,,,0,90,,684,32,,,0,85,,685,32,,,0,127,,686,32,,,0,75,,687,32,,,0,90,,688,32,,,0,40,,689,32,,,0,85,,691,32,,,0,85,,692,32,,,0,40,,693,32,,,0,80,,694,32,,,0,80,,695,32,0,5 6,0
2132000,'cal13-sat',530,,703,32,,,0,83,,704,32,,,0,42,,715,32,,,0,85,,723,32,,,0,85,,724,32,,,0,85,,725,32,,,0,46,,726,32,0,5 6,0,170,,727,32,0,5 6,0,85,,728,32,,,0,45,,729,32,,,0,85,,705,32,,,0,86,,706,32,,,0,85,,707,32,,,0,46,,708,32,,,0,85,,709,32,,,0,85,,710,32,,,0,80,,711,32,0,5 6,0,47,,712,32,0,5 6,0,155,,713,32,,,0,45,,714,32,,,0,85,,716,32,,,0,85,,717,32,,,0,85,,718,32,,,0,35,,719,32,,,0,85,,720,32,,,0,80,,721,32,0,5 6,0,40,,722,32,0,5 6,0
2132000,'cal2-fri',525,,730,32,,,0,83,,731,32,,,0,42,,742,32,,,0,85,,746,32,,,0,90,,747,32,,,0,90,,748,32,,,0,91,,749,32,,,0,125,,750,32,,,0,90,,751,32,,,0,90,,752,32,,,0,90,,732,32,,,0,51,,733,32,,,0,91,,734,32,,,0,90,,735,32,,,0,90,,736,32,,,0,85,,737,32,,,0,127,,738,32,,,0,75,,739,32,,,0,90,,740,32,,,0,40,,741,32,,,0,85,,743,32,,,0,125,,744,32,,,0,160,,745,32,0,5 6,0
2132000,'cal3-sat',530,,753,32,,,0,83,,754,32,,,0,42,,765,32,,,0,85,,771,32,,,0,85,,772,32,,,0,85,,773,32,,,0,46,,774,32,0,5 6,0,170,,775,32,0,5 6,0,85,,776,32,,,0,45,,777,32,,,0,85,,755,32,,,0,86,,756,32,,,0,85,,757,32,,,0,46,,758,32,,,0,85,,759,32,,,0,85,,760,32,,,0,80,,761,32,0,5 6,0,47,,762,32,,,0,155,,763,32,,,0,45,,764,32,,,0,85,,766,32,,,0,85,,767,32,0,5 6,0,85,,768,32,,,0,120,,769,32,,,0,120,,770,32,0,5 6,0
2132000,'cal4-sun-3',530,,778,32,,,0,83,,779,32,,,0,42,,790,32,,,0,85,,793,32,,,0,85,,794,32,,,0,85,,795,32,,,0,46,,796,32,0,5 6,0,170,,797,32,0,5 6,0,85,,798,32,,,0,45,,799,32,,,0,85,,780,32,,,0,86,,781,32,,,0,85,,782,32,,,0,46,,783,32,,,0,85,,784,32,,,0,85,,785,32,,,0,80,,786,32,0,5 6,0,47,,787,32,0,5 6,0,155,,788,32,,,0,130,,789,32,,,0,170,,791,32,,,0,120,,792,32,0,5 6,0
2132000,'cal5-sat',530,,800,32,,,0,83,,801,32,,,0,42,,812,32,,,0,85,,823,32,,,0,85,,824,32,,,0,85,,825,32,,,0,46,,826,32,0,5 6,0,170,,828,32,0,5 6,0,20,,829,32,,,0,65,,802,32,,,0,45,,803,32,,,0,55,,804,32,,,0,30,,805,32,,,0,86,,806,32,,,0,85,,807,32,,,0,16,,808,32,,,0,30,,809,32,,,0,85,,810,32,,,0,15,,811,32,,,0,70,,813,32,,,0,80,,814,32,0,5 6,0,47,,815,32,,,0,155,,816,32,,,0,45,,817,32,,,0,85,,818,32,,,0,85,,819,32,0,5 6,0,85,,820,32,,,0,120,,821,32,,,0,120,,822,32,0,5 6,0
2132000,'cal6-sun',530,,830,32,,,0,83,,831,32,,,0,42,,842,32,,,0,85,,850,32,,,0,85,,851,32,,,0,85,,852,32,,,0,46,,853,32,0,5 6,0,170,,855,32,0,5 6,0,20,,856,32,,,0,65,,832,32,,,0,45,,833,32,,,0,55,,834,32,,,0,30,,835,32,,,0,86,,836,32,,,0,85,,837,32,,,0,16,,838,32,,,0,30,,839,32,,,0,85,,840,32,,,0,15,,841,32,,,0,70,,843,32,,,0,80,,844,32,0,5 6,0,47,,845,32,,,0,155,,846,32,,,0,130,,847,32,,,0,170,,848,32,,,0,120,,849,32,0,5 6,0
2132000,'cal7-sat',530,,857,32,,,0,83,,858,32,,,0,42,,869,32,,,0,85,,880,32,,,0,85,,883,32,,,0,85,,884,32,,,0,46,,885,32,0,5 6,0,170,,887,32,0,5 6,0,20,,888,32,,,0,65,,859,32,,,0,45,,860,32,,,0,55,,861,32,,,0,30,,862,32,,,0,86,,863,32,,,0,85,,864,32,,,0,16,,865,32,,,0,30,,866,32,,,0,85,,867,32,,,0,15,,868,32,,,0,70,,870,32,,,0,80,,871,32,0,5 6,0,18,,872,32,,,0,29,,873,32,,,0,91,,874,32,,,0,64,,875,32,,,0,45,,876,32,,,0,85,,877,32,,,0,85,,878,32,0,5 6,0,85,,879,32,,,0,120,,881,32,,,0,120,,882,32,0,5 6,0
2132000,'cal8-sun',530,,889,32,,,0,83,,890,32,,,0,42,,901,32,,,0,85,,912,32,,,0,85,,914,32,,,0,85,,915,32,,,0,46,,916,32,0,5 6,0,170,,918,32,0,5 6,0,20,,919,32,,,0,65,,891,32,,,0,45,,892,32,,,0,55,,893,32,,,0,30,,894,32,,,0,86,,895,32,,,0,85,,896,32,,,0,16,,897,32,,,0,30,,898,32,,,0,85,,899,32,,,0,15,,900,32,,,0,70,,902,32,,,0,80,,903,32,0,5 6,0,18,,904,32,,,0,29,,905,32,,,0,91,,906,32,,,0,64,,907,32,,,0,45,,908,32,,,0,85,,909,32,,,0,85,,910,32,0,5 6,0,85,,911,32,,,0,120,,913,32,0,5 6,0
2132000,'cal9-mon',525,,920,32,,,0,83,,921,32,,,0,42,,932,32,,,0,85,,939,32,,,0,90,,940,32,,,0,90,,941,32,,,0,91,,942,32,,,0,125,,943,32,,,0,90,,945,32,,,0,90,,922,32,,,0,15,,923,32,,,0,75,,924,32,,,0,51,,925,32,,,0,76,,926,32,,,0,15,,927,32,,,0,90,,928,32,,,0,70,,929,32,,,0,20,,930,32,,,0,85,,931,32,,,0,127,,933,32,,,0,165,,934,32,,,0,125,,935,32,,,0,125,,937,32,0,5 6,0,160,,938,32,0,5 6,0
