2132000,'cal1-mon-tue-wed-thu-1',556,,614,61,,,0,83,,615,61,,,0,82,,626,61,,,0,94,,627,61,,,0,90,,628,61,,,0,48,,629,61,,,0,93,,630,61,,,0,163,,631,61,,,0,92,,632,61,,,0,48,,633,61,,,0,90,,616,61,,,0,92,,617,61,,,0,92,,618,61,,,0,90,,619,61,,,0,89,,620,61,,,0,202,,622,61,,,0,125,,623,61,,,0,123,,624,61,,,0
2132000,'cal10-fri-1',556,,634,61,,,0,83,,635,61,,,0,82,,646,61,,,0,94,,648,61,,,0,90,,649,61,,,0,48,,650,61,,,0,93,,651,61,,,0,163,,652,61,,,0,92,,653,61,,,0,48,,654,61,,,0,90,,636,61,,,0,92,,637,61,,,0,92,,638,61,,,0,90,,639,61,,,0,89,,640,61,,,0,202,,642,61,,,0,125,,643,61,,,0,123,,644,61,,,0,165,,645,61,,,0
2132000,'cal11-sat-1',601,,655,61,,,0,43,,656,61,,,0,82,,667,61,,,0,85,,671,61,,,0,45,,672,61,,,0,85,,673,61,,,0,88,,674,61,0,5 6,0,129,,675,61,0,5 6,0,84,,676,61,,,0,86,,677,61,,,0,84,,657,61,,,0,46,,658,61,,,0,87,,659,61,,,0,84,,660,61,,,0,85,,661,61,,,0,45,,662,61,,,0,78,,663,61,0,5 6,0,202,,665,61,,,0,170,,666,61,,,0,128,,668,61,,,0,120,,669,61,,,0
2132000,'cal12-fri',556,,678,61,,,0,83,,679,61,,,0,82,,690,61,,,0,94,,696,61,,,0,90,,697,61,,,0,48,,698,61,,,0,93,,699,61,,,0,163,,700,61,,,0,92,,701,61,,,0,48,,702,61,,,0,90,,680,61,,,0,92,,681,61,,,0,92,,682,61,,,0,90,,683,61,,,0,89,,684,61,,,0,35,,685,61,,,0,167,,686,61,,,0,35,,687,61,,,0,90,,688,61,,,0,80,,689,61,,,0,43,,691,61,,,0,85,,692,61,,,0,80,,693,61,,,0
2132000,'cal13-sat',601,,703,61,,,0,43,,704,61,,,0,82,,715,61,,,0,85,,723,61,,,0,45,,724,61,,,0,85,,725,61,,,0,88,,726,61,0,5 6,0,129,,727,61,0,5 6,0,84,,728,61,,,0,86,,729,61,,,0,84,,705,61,,,0,46,,706,61,,,0,87,,707,61,,,0,84,,708,61,,,0,85,,709,61,,,0,45,,710,61,,,0,78,,711,61,0,5 6,0,87,,712,61,0,5 6,0,115,,713,61,,,0,85,,714,61,,,0,85,,716,61,,,0,45,,717,61,,,0,83,,718,61,,,0,75,,719,61,,,0,45,,720,61,,,0
2132000,'cal2-fri',556,,730,61,,,0,83,,731,61,,,0,82,,742,61,,,0,94,,746,61,,,0,90,,747,61,,,0,48,,748,61,,,0,93,,749,61,,,0,163,,750,61,,,0,92,,751,61,,,0,48,,752,61,,,0,90,,732,61,,,0,92,,733,61,,,0,92,,734,61,,,0,90,,735,61,,,0,89,,736,61,,,0,35,,737,61,,,0,167,,738,61,,,0,35,,739,61,,,0,90,,740,61,,,0,123,,743,61,,,0,165,,744,61,,,0
2132000,'cal3-sat',601,,753,61,,,0,43,,754,61,,,0,82,,765,61,,,0,85,,771,61,,,0,45,,772,61,,,0,85,,773,61,,,0,88,,774,61,0,5 6,0,129,,775,61,0,5 6,0,84,,776,61,,,0,86,,777,61,,,0,84,,755,61,,,0,46,,756,61,,,0,87,,757,61,,,0,84,,758,61,,,0,85,,759,61,,,0,45,,760,61,,,0,78,,761,61,0,5 6,0,87,,762,61,,,0,115,,763,61,,,0,85,,764,61,,,0,85,,766,61,,,0,128,,768,61,,,0,120,,769,61,,,0
2132000,'cal4-sun-3',601,,778,61,,,0,43,,779,61,,,0,82,,790,61,,,0,85,,793,61,,,0,45,,794,61,,,0,85,,795,61,,,0,88,,796,61,0,5 6,0,129,,797,61,0,5 6,0,84,,798,61,,,0,86,,799,61,,,0,84,,780,61,,,0,46,,781,61,,,0,87,,782,61,,,0,84,,783,61,,,0,85,,784,61,,,0,45,,785,61,,,0,78,,786,61,0,5 6,0,202,,788,61,,,0,170,,789,61,,,0,128,,791,61,,,0
2132000,'cal5-sat',601,,800,61,,,0,43,,801,61,,,0,82,,812,61,,,0,85,,823,61,,,0,45,,824,61,,,0,85,,825,61,,,0,88,,826,61,0,5 6,0,24,,827,61,,,0,105,,828,61,0,5 6,0,59,,829,61,,,0,25,,802,61,,,0,86,,803,61,,,0,14,,804,61,,,0,70,,805,61,,,0,46,,806,61,,,0,87,,807,61,,,0,55,,808,61,,,0,29,,809,61,,,0,85,,810,61,,,0,15,,811,61,,,0,30,,813,61,,,0,78,,814,61,0,5 6,0,87,,815,61,,,0,115,,816,61,,,0,85,,817,61,,,0,85,,818,61,,,0,128,,820,61,,,0,120,,821,61,,,0
2132000,'cal6-sun',601,,830,61,,,0,43,,831,61,,,0,82,,842,61,,,0,85,,850,61,,,0,45,,851,61,,,0,85,,852,61,,,0,88,,853,61,0,5 6,0,24,,854,61,,,0,105,,855,61,0,5 6,0,59,,856,61,,,0,25,,832,61,,,0,86,,833,61,,,0,14,,834,61,,,0,70,,835,61,,,0,46,,836,61,,,0,87,,837,61,,,0,55,,838,61,,,0,29,,839,61,,,0,85,,840,61,,,0,15,,841,61,,,0,30,,843,61,,,0,78,,844,61,0,5 6,0,202,,846,61,,,0,170,,847,61,,,0,128,,848,61,,,0
2132000,'cal7-sat',601,,857,61,,,0,43,,858,61,,,0,82,,869,61,,,0,85,,880,61,,,0,45,,883,61,,,0,85,,884,61,,,0,88,,885,61,0,5 6,0,24,,886,61,,,0,105,,887,61,0,5 6,0,59,,888,61,,,0,25,,859,61,,,0,86,,860,61,,,0,14,,861,61,,,0,70,,862,61,,,0,46,,863,61,,,0,87,,864,61,,,0,55,,865,61,,,0,29,,866,61,,,0,85,,867,61,,,0,15,,868,61,,,0,30,,870,61,,,0,78,,871,61,0,5 6,0,18,,872,61,,,0,69,,873,61,,,0,115,,875,61,,,0,85,,876,61,,,0,85,,877,61,,,0,128,,879,61,,,0,120,,881,61,,,0
2132000,'cal8-sun',601,,889,61,,,0,43,,890,61,,,0,82,,901,61,,,0,85,,912,61,,,0,45,,914,61,,,0,85,,915,61,,,0,88,,916,61,0,5 6,0,24,,917,61,,,0,105,,918,61,0,5 6,0,59,,919,61,,,0,25,,891,61,,,0,86,,892,61,,,0,14,,893,61,,,0,70,,894,61,,,0,46,,895,61,,,0,87,,896,61,,,0,55,,897,61,,,0,29,,898,61,,,0,85,,899,61,,,0,15,,900,61,,,0,30,,902,61,,,0,78,,903,61,0,5 6,0,18,,904,61,,,0,69,,905,61,,,0,115,,907,61,,,0,85,,908,61,,,0,85,,909,61,,,0,128,,911,61,,,0
2132000,'cal9-mon',556,,920,61,,,0,83,,921,61,,,0,82,,932,61,,,0,94,,939,61,,,0,90,,940,61,,,0,48,,941,61,,,0,93,,942,61,,,0,163,,943,61,,,0,21,,944,61,,,0,71,,945,61,,,0,48,,922,61,,,0,55,,923,61,,,0,35,,924,61,,,0,92,,925,61,,,0,77,,926,61,,,0,15,,927,61,,,0,90,,928,61,,,0,29,,929,61,,,0,60,,930,61,,,0,202,,933,61,,,0,125,,934,61,,,0,123,,935,61,,,0,165,,936,61,,,0
