2132000,'cal1-mon-tue-wed-thu-1',615,,614,80,,,0,43,,615,80,,,0,82,,626,80,,,0,94,,627,80,,,0,90,,628,80,,,0,88,,629,80,,,0,93,,630,80,,,0,122,,631,80,,,0,92,,632,80,,,0,88,,633,80,,,0,50,,616,80,,,0,92,,617,80,,,0,92,,618,80,,,0,90,,619,80,,,0,89,,620,80,,,0,201,,622,80,,,0,125,,623,80,,,0,163,,624,80,,,0
2132000,'cal10-fri-1',615,,634,80,,,0,43,,635,80,,,0,82,,646,80,,,0,94,,648,80,,,0,90,,649,80,,,0,88,,650,80,,,0,93,,651,80,,,0,122,,652,80,,,0,92,,653,80,,,0,88,,654,80,,,0,50,,636,80,,,0,92,,637,80,,,0,92,,638,80,,,0,90,,639,80,,,0,89,,640,80,,,0,201,,642,80,,,0,125,,643,80,,,0,163,,644,80,,,0,125,,645,80,,,0
2132000,'cal11-sat-1',620,,655,80,,,0,83,,656,80,,,0,42,,667,80,,,0,85,,671,80,,,0,85,,672,80,,,0,85,,673,80,,,0,48,,674,80,0,5 6,0,168,,675,80,0,5 6,0,84,,676,80,,,0,46,,677,80,,,0,84,,657,80,,,0,86,,658,80,,,0,87,,659,80,,,0,44,,660,80,,,0,85,,661,80,,,0,85,,662,80,,,0,38,,663,80,0,5 6,0,201,,665,80,,,0,170,,666,80,,,0,128,,668,80,,,0,160,,669,80,,,0
2132000,'cal12-fri',615,,678,80,,,0,43,,679,80,,,0,82,,690,80,,,0,94,,696,80,,,0,90,,697,80,,,0,88,,698,80,,,0,93,,699,80,,,0,122,,700,80,,,0,92,,701,80,,,0,88,,702,80,,,0,50,,680,80,,,0,92,,681,80,,,0,92,,682,80,,,0,90,,683,80,,,0,89,,684,80,,,0,35,,685,80,,,0,166,,686,80,,,0,35,,687,80,,,0,90,,688,80,,,0,80,,689,80,,,0,83,,691,80,,,0,45,,692,80,,,0,80,,693,80,,,0
2132000,'cal13-sat',620,,703,80,,,0,83,,704,80,,,0,42,,715,80,,,0,85,,723,80,,,0,85,,724,80,,,0,85,,725,80,,,0,48,,726,80,0,5 6,0,168,,727,80,0,5 6,0,84,,728,80,,,0,46,,729,80,,,0,84,,705,80,,,0,86,,706,80,,,0,87,,707,80,,,0,44,,708,80,,,0,85,,709,80,,,0,85,,710,80,,,0,38,,711,80,0,5 6,0,86,,712,80,0,5 6,0,115,,713,80,,,0,85,,714,80,,,0,85,,716,80,,,0,85,,717,80,,,0,43,,718,80,,,0,75,,719,80,,,0,85,,720,80,,,0
2132000,'cal2-fri',615,,730,80,,,0,43,,731,80,,,0,82,,742,80,,,0,94,,746,80,,,0,90,,747,80,,,0,88,,748,80,,,0,93,,749,80,,,0,122,,750,80,,,0,92,,751,80,,,0,88,,752,80,,,0,50,,732,80,,,0,92,,733,80,,,0,92,,734,80,,,0,90,,735,80,,,0,89,,736,80,,,0,35,,737,80,,,0,166,,738,80,,,0,35,,739,80,,,0,90,,740,80,,,0,163,,743,80,,,0,125,,744,80,,,0
2132000,'cal3-sat',620,,753,80,,,0,83,,754,80,,,0,42,,765,80,,,0,85,,771,80,,,0,85,,772,80,,,0,85,,773,80,,,0,48,,774,80,0,5 6,0,168,,775,80,0,5 6,0,84,,776,80,,,0,46,,777,80,,,0,84,,755,80,,,0,86,,756,80,,,0,87,,757,80,,,0,44,,758,80,,,0,85,,759,80,,,0,85,,760,80,,,0,38,,761,80,0,5 6,0,86,,762,80,,,0,115,,763,80,,,0,85,,764,80,,,0,85,,766,80,,,0,128,,768,80,,,0,160,,769,80,,,0
2132000,'cal4-sun-3',620,,778,80,,,0,83,,779,80,,,0,42,,790,80,,,0,85,,793,80,,,0,85,,794,80,,,0,85,,795,80,,,0,48,,796,80,0,5 6,0,168,,797,80,0,5 6,0,84,,798,80,,,0,46,,799,80,,,0,84,,780,80,,,0,86,,781,80,,,0,87,,782,80,,,0,44,,783,80,,,0,85,,784,80,,,0,85,,785,80,,,0,38,,786,80,0,5 6,0,201,,788,80,,,0,170,,789,80,,,0,128,,791,80,,,0
2132000,'cal5-sat',620,,800,80,,,0,83,,801,80,,,0,42,,812,80,,,0,85,,823,80,,,0,85,,824,80,,,0,85,,825,80,,,0,48,,826,80,0,5 6,0,64,,827,80,,,0,104,,828,80,0,5 6,0,19,,829,80,,,0,65,,802,80,,,0,46,,803,80,,,0,54,,804,80,,,0,30,,805,80,,,0,86,,806,80,,,0,87,,807,80,,,0,15,,808,80,,,0,29,,809,80,,,0,85,,810,80,,,0,15,,811,80,,,0,70,,813,80,,,0,38,,814,80,0,5 6,0,86,,815,80,,,0,115,,816,80,,,0,85,,817,80,,,0,85,,818,80,,,0,128,,820,80,,,0,160,,821,80,,,0
2132000,'cal6-sun',620,,830,80,,,0,83,,831,80,,,0,42,,842,80,,,0,85,,850,80,,,0,85,,851,80,,,0,85,,852,80,,,0,48,,853,80,0,5 6,0,64,,854,80,,,0,104,,855,80,0,5 6,0,19,,856,80,,,0,65,,832,80,,,0,46,,833,80,,,0,54,,834,80,,,0,30,,835,80,,,0,86,,836,80,,,0,87,,837,80,,,0,15,,838,80,,,0,29,,839,80,,,0,85,,840,80,,,0,15,,841,80,,,0,70,,843,80,,,0,38,,844,80,0,5 6,0,201,,846,80,,,0,170,,847,80,,,0,128,,848,80,,,0
2132000,'cal7-sat',620,,857,80,,,0,83,,858,80,,,0,42,,869,80,,,0,85,,880,80,,,0,85,,883,80,,,0,85,,884,80,,,0,48,,885,80,0,5 6,0,64,,886,80,,,0,104,,887,80,0,5 6,0,19,,888,80,,,0,65,,859,80,,,0,46,,860,80,,,0,54,,861,80,,,0,30,,862,80,,,0,86,,863,80,,,0,87,,864,80,,,0,15,,865,80,,,0,29,,866,80,,,0,85,,867,80,,,0,15,,868,80,,,0,70,,870,80,,,0,38,,871,80,0,5 6,0,57,,872,80,,,0,29,,873,80,,,0,115,,875,80,,,0,85,,876,80,,,0,85,,877,80,,,0,128,,879,80,,,0,160,,881,80,,,0
2132000,'cal8-sun',620,,889,80,,,0,83,,890,80,,,0,42,,901,80,,,0,85,,912,80,,,0,85,,914,80,,,0,85,,915,80,,,0,48,,916,80,0,5 6,0,64,,917,80,,,0,104,,918,80,0,5 6,0,19,,919,80,,,0,65,,891,80,,,0,46,,892,80,,,0,54,,893,80,,,0,30,,894,80,,,0,86,,895,80,,,0,87,,896,80,,,0,15,,897,80,,,0,29,,898,80,,,0,85,,899,80,,,0,15,,900,80,,,0,70,,902,80,,,0,38,,903,80,0,5 6,0,57,,904,80,,,0,29,,905,80,,,0,115,,907,80,,,0,85,,908,80,,,0,85,,909,80,,,0,128,,911,80,,,0
2132000,'cal9-mon',615,,920,80,,,0,43,,921,80,,,0,82,,932,80,,,0,94,,939,80,,,0,90,,940,80,,,0,88,,941,80,,,0,93,,942,80,,,0,122,,943,80,,,0,21,,944,80,,,0,71,,945,80,,,0,88,,922,80,,,0,15,,923,80,,,0,35,,924,80,,,0,92,,925,80,,,0,77,,926,80,,,0,15,,927,80,,,0,90,,928,80,,,0,69,,929,80,,,0,20,,930,80,,,0,201,,933,80,,,0,125,,934,80,,,0,163,,935,80,,,0,125,,936,80,,,0
