2132000,'cal1-mon-tue-wed-thu-1',620,,614,84,4,,0,5,,626,0,,,0,78,,615,84,4,,0,7,,627,0,,,0,35,,626,84,4,,0,55,,628,0,,,0,39,,627,84,4,,0,11,,629,0,,,0,79,,628,84,4,,0,11,,630,0,,,0,77,,629,84,4,,0,88,,631,0,,,0,5,,630,84,4,,0,45,,632,0,,,0,77,,631,84,4,,0,13,,633,0,,,0,79,,632,84,4,,0,11,,616,0,,,0,77,,633,84,4,,0,13,,617,0,,,0,77,,616,84,4,,0,13,,618,0,,,0,39,,617,84,4,,0,51,,619,0,,,0,41,,618,84,4,,0,9,,620,0,,,0,81,,619,84,4,,0,4,,621,0,,,0,85,,620,84,4,,0,85,,622,0,,,0,116,,622,84,4,,0,9,,623,0,,,0,116,,623,84,4,,0,49,,624,0,,,0,114,,624,84,4,,0,11,,625,0,0,5 6,0
2132000,'cal10-fri-1',620,,634,84,4,,0,5,,646,0,,,0,78,,635,84,4,,0,7,,648,0,,,0,35,,646,84,4,,0,55,,649,0,,,0,39,,648,84,4,,0,11,,650,0,,,0,79,,649,84,4,,0,11,,651,0,,,0,77,,650,84,4,,0,88,,652,0,,,0,5,,651,84,4,,0,45,,653,0,,,0,77,,652,84,4,,0,13,,654,0,,,0,79,,653,84,4,,0,11,,636,0,,,0,77,,654,84,4,,0,13,,637,0,,,0,77,,636,84,4,,0,13,,638,0,,,0,39,,637,84,4,,0,51,,639,0,,,0,41,,638,84,4,,0,9,,640,0,,,0,81,,639,84,4,,0,4,,641,0,,,0,85,,640,84,4,,0,85,,642,0,,,0,116,,642,84,4,,0,9,,643,0,,,0,116,,643,84,4,,0,49,,644,0,,,0,114,,644,84,4,,0,11,,645,0,,,0,114,,645,84,4,,0,6,,647,0,0,5 6,0
2132000,'cal11-sat-1',625,,655,84,4,,0,5,,667,0,,,0,78,,656,84,4,,0,7,,671,0,,,0,35,,667,84,4,,0,50,,672,0,,,0,35,,671,84,4,,0,10,,673,0,,,0,75,,672,84,4,,0,10,,674,0,0,5 6,0,75,,673,84,4,,0,48,,674,84,4,,0,47,,675,0,0,5 6,0,45,,676,0,,,0,76,,675,84,4,,0,9,,677,0,,,0,75,,676,84,4,,0,10,,657,0,,,0,36,,677,84,4,,0,49,,658,0,,,0,35,,657,84,4,,0,10,,659,0,,,0,76,,658,84,4,,0,9,,660,0,,,0,78,,659,84,4,,0,7,,661,0,,,0,37,,660,84,4,,0,48,,662,0,,,0,37,,661,84,4,,0,3,,663,0,0,5 6,0,82,,662,84,4,,0,8,,664,0,0,5 6,0,70,,663,84,4,,0,45,,665,0,,,0,156,,665,84,4,,0,14,,666,0,,,0,116,,666,84,4,,0,14,,668,0,,,0,114,,668,84,4,,0,46,,669,0,,,0,114,,669,84,4,,0,6,,670,0,0,5 6,0
2132000,'cal12-fri',620,,678,84,4,,0,5,,690,0,,,0,78,,679,84,4,,0,7,,696,0,,,0,35,,690,84,4,,0,55,,697,0,,,0,39,,696,84,4,,0,11,,698,0,,,0,79,,697,84,4,,0,11,,699,0,,,0,77,,698,84,4,,0,88,,700,0,,,0,5,,699,84,4,,0,45,,701,0,,,0,77,,700,84,4,,0,13,,702,0,,,0,79,,701,84,4,,0,11,,680,0,,,0,77,,702,84,4,,0,13,,681,0,,,0,77,,680,84,4,,0,13,,682,0,,,0,39,,681,84,4,,0,51,,683,0,,,0,41,,682,84,4,,0,9,,684,0,,,0,81,,683,84,4,,0,4,,685,0,,,0,85,,684,84,4,,0,75,,685,84,4,,0,10,,686,0,,,0,35,,687,0,,,0,81,,686,84,4,,0,9,,688,0,,,0,66,,687,84,4,,0,14,,689,0,,,0,36,,688,84,4,,0,49,,691,0,,,0,31,,689,84,4,,0,14,,692,0,,,0,69,,691,84,4,,0,11,,693,0,,,0,34,,692,84,4,,0,46,,694,0,,,0,34,,693,84,4,,0,6,,695,0,0,5 6,0
2132000,'cal13-sat',625,,703,84,4,,0,5,,715,0,,,0,78,,704,84,4,,0,7,,723,0,,,0,35,,715,84,4,,0,50,,724,0,,,0,35,,723,84,4,,0,10,,725,0,,,0,75,,724,84,4,,0,10,,726,0,0,5 6,0,75,,725,84,4,,0,48,,726,84,4,,0,47,,727,0,0,5 6,0,45,,728,0,,,0,76,,727,84,4,,0,9,,729,0,,,0,75,,728,84,4,,0,10,,705,0,,,0,36,,729,84,4,,0,49,,706,0,,,0,35,,705,84,4,,0,10,,707,0,,,0,76,,706,84,4,,0,9,,708,0,,,0,78,,707,84,4,,0,7,,709,0,,,0,37,,708,84,4,,0,48,,710,0,,,0,37,,709,84,4,,0,3,,711,0,0,5 6,0,82,,710,84,4,,0,8,,712,0,0,5 6,0,70,,711,84,4,,0,45,,713,0,,,0,1,,712,84,4,,0,84,,714,0,,,0,71,,713,84,4,,0,14,,716,0,,,0,31,,714,84,4,,0,54,,717,0,,,0,31,,716,84,4,,0,14,,718,0,,,0,71,,717,84,4,,0,4,,719,0,,,0,39,,718,84,4,,0,46,,720,0,,,0,29,,719,84,4,,0,11,,721,0,0,5 6,0,74,,720,84,4,,0,6,,722,0,0,5 6,0
2132000,'cal2-fri',620,,730,84,4,,0,5,,742,0,,,0,78,,731,84,4,,0,7,,746,0,,,0,35,,742,84,4,,0,55,,747,0,,,0,39,,746,84,4,,0,11,,748,0,,,0,79,,747,84,4,,0,11,,749,0,,,0,77,,748,84,4,,0,88,,750,0,,,0,5,,749,84,4,,0,45,,751,0,,,0,77,,750,84,4,,0,13,,752,0,,,0,79,,751,84,4,,0,11,,732,0,,,0,77,,752,84,4,,0,13,,733,0,,,0,77,,732,84,4,,0,13,,734,0,,,0,39,,733,84,4,,0,51,,735,0,,,0,41,,734,84,4,,0,9,,736,0,,,0,81,,735,84,4,,0,4,,737,0,,,0,85,,736,84,4,,0,75,,737,84,4,,0,10,,738,0,,,0,35,,739,0,,,0,81,,738,84,4,,0,9,,740,0,,,0,66,,739,84,4,,0,14,,741,0,,,0,36,,740,84,4,,0,49,,743,0,,,0,114,,743,84,4,,0,11,,744,0,,,0,114,,744,84,4,,0,6,,745,0,0,5 6,0
2132000,'cal3-sat',625,,753,84,4,,0,5,,765,0,,,0,78,,754,84,4,,0,7,,771,0,,,0,35,,765,84,4,,0,50,,772,0,,,0,35,,771,84,4,,0,10,,773,0,,,0,75,,772,84,4,,0,10,,774,0,0,5 6,0,75,,773,84,4,,0,48,,774,84,4,,0,47,,775,0,0,5 6,0,45,,776,0,,,0,76,,775,84,4,,0,9,,777,0,,,0,75,,776,84,4,,0,10,,755,0,,,0,36,,777,84,4,,0,49,,756,0,,,0,35,,755,84,4,,0,10,,757,0,,,0,76,,756,84,4,,0,9,,758,0,,,0,78,,757,84,4,,0,7,,759,0,,,0,37,,758,84,4,,0,48,,760,0,,,0,37,,759,84,4,,0,3,,761,0,0,5 6,0,82,,760,84,4,,0,8,,762,0,,,0,70,,761,84,4,,0,45,,763,0,,,0,1,,762,84,4,,0,84,,764,0,,,0,71,,763,84,4,,0,14,,766,0,,,0,31,,764,84,4,,0,54,,767,0,0,5 6,0,31,,766,84,4,,0,14,,768,0,,,0,114,,768,84,4,,0,46,,769,0,,,0,114,,769,84,4,,0,6,,770,0,0,5 6,0
2132000,'cal4-sun-3',625,,778,84,4,,0,5,,790,0,,,0,78,,779,84,4,,0,7,,793,0,,,0,35,,790,84,4,,0,50,,794,0,,,0,35,,793,84,4,,0,10,,795,0,,,0,75,,794,84,4,,0,10,,796,0,0,5 6,0,75,,795,84,4,,0,48,,796,84,4,,0,47,,797,0,0,5 6,0,45,,798,0,,,0,76,,797,84,4,,0,9,,799,0,,,0,75,,798,84,4,,0,10,,780,0,,,0,36,,799,84,4,,0,49,,781,0,,,0,35,,780,84,4,,0,10,,782,0,,,0,76,,781,84,4,,0,9,,783,0,,,0,78,,782,84,4,,0,7,,784,0,,,0,37,,783,84,4,,0,48,,785,0,,,0,37,,784,84,4,,0,3,,786,0,0,5 6,0,82,,785,84,4,,0,8,,787,0,0,5 6,0,70,,786,84,4,,0,45,,788,0,,,0,156,,788,84,4,,0,14,,789,0,,,0,116,,789,84,4,,0,14,,791,0,,,0,114,,791,84,4,,0,46,,792,0,0,5 6,0
2132000,'cal5-sat',625,,800,84,4,,0,5,,812,0,,,0,78,,801,84,4,,0,7,,823,0,,,0,35,,812,84,4,,0,50,,824,0,,,0,35,,823,84,4,,0,10,,825,0,,,0,75,,824,84,4,,0,10,,826,0,0,5 6,0,75,,825,84,4,,0,48,,826,84,4,,0,47,,828,0,0,5 6,0,17,,827,84,4,,0,3,,829,0,,,0,25,,802,0,,,0,76,,828,84,4,,0,9,,803,0,,,0,10,,829,84,4,,0,5,,804,0,,,0,60,,802,84,4,,0,10,,805,0,,,0,36,,803,84,4,,0,49,,806,0,,,0,5,,804,84,4,,0,30,,805,84,4,,0,10,,807,0,,,0,55,,808,0,,,0,21,,806,84,4,,0,9,,809,0,,,0,78,,807,84,4,,0,7,,810,0,,,0,8,,808,84,4,,0,7,,811,0,,,0,22,,809,84,4,,0,48,,813,0,,,0,37,,810,84,4,,0,3,,814,0,0,5 6,0,12,,811,84,4,,0,70,,813,84,4,,0,8,,815,0,,,0,70,,814,84,4,,0,45,,816,0,,,0,1,,815,84,4,,0,84,,817,0,,,0,71,,816,84,4,,0,14,,818,0,,,0,31,,817,84,4,,0,54,,819,0,0,5 6,0,31,,818,84,4,,0,14,,820,0,,,0,114,,820,84,4,,0,46,,821,0,,,0,114,,821,84,4,,0,6,,822,0,0,5 6,0
2132000,'cal6-sun',625,,830,84,4,,0,5,,842,0,,,0,78,,831,84,4,,0,7,,850,0,,,0,35,,842,84,4,,0,50,,851,0,,,0,35,,850,84,4,,0,10,,852,0,,,0,75,,851,84,4,,0,10,,853,0,0,5 6,0,75,,852,84,4,,0,48,,853,84,4,,0,47,,855,0,0,5 6,0,17,,854,84,4,,0,3,,856,0,,,0,25,,832,0,,,0,76,,855,84,4,,0,9,,833,0,,,0,10,,856,84,4,,0,5,,834,0,,,0,60,,832,84,4,,0,10,,835,0,,,0,36,,833,84,4,,0,49,,836,0,,,0,5,,834,84,4,,0,30,,835,84,4,,0,10,,837,0,,,0,55,,838,0,,,0,21,,836,84,4,,0,9,,839,0,,,0,78,,837,84,4,,0,7,,840,0,,,0,8,,838,84,4,,0,7,,841,0,,,0,22,,839,84,4,,0,48,,843,0,,,0,37,,840,84,4,,0,3,,844,0,0,5 6,0,12,,841,84,4,,0,70,,843,84,4,,0,8,,845,0,,,0,70,,844,84,4,,0,45,,846,0,,,0,156,,846,84,4,,0,14,,847,0,,,0,116,,847,84,4,,0,14,,848,0,,,0,114,,848,84,4,,0,46,,849,0,0,5 6,0
2132000,'cal7-sat',625,,857,84,4,,0,5,,869,0,,,0,78,,858,84,4,,0,7,,880,0,,,0,35,,869,84,4,,0,50,,883,0,,,0,35,,880,84,4,,0,10,,884,0,,,0,75,,883,84,4,,0,10,,885,0,0,5 6,0,75,,884,84,4,,0,48,,885,84,4,,0,47,,887,0,0,5 6,0,17,,886,84,4,,0,3,,888,0,,,0,25,,859,0,,,0,76,,887,84,4,,0,9,,860,0,,,0,10,,888,84,4,,0,5,,861,0,,,0,60,,859,84,4,,0,10,,862,0,,,0,36,,860,84,4,,0,49,,863,0,,,0,5,,861,84,4,,0,30,,862,84,4,,0,10,,864,0,,,0,55,,865,0,,,0,21,,863,84,4,,0,9,,866,0,,,0,78,,864,84,4,,0,7,,867,0,,,0,8,,865,84,4,,0,7,,868,0,,,0,22,,866,84,4,,0,48,,870,0,,,0,37,,867,84,4,,0,3,,871,0,0,5 6,0,12,,868,84,4,,0,48,,872,0,,,0,22,,870,84,4,,0,8,,873,0,,,0,70,,871,84,4,,0,17,,872,84,4,,0,4,,874,0,,,0,24,,875,0,,,0,1,,873,84,4,,0,84,,876,0,,,0,71,,875,84,4,,0,14,,877,0,,,0,31,,876,84,4,,0,54,,878,0,0,5 6,0,31,,877,84,4,,0,14,,879,0,,,0,114,,879,84,4,,0,46,,881,0,,,0,114,,881,84,4,,0,6,,882,0,0,5 6,0
2132000,'cal8-sun',625,,889,84,4,,0,5,,901,0,,,0,78,,890,84,4,,0,7,,912,0,,,0,35,,901,84,4,,0,50,,914,0,,,0,35,,912,84,4,,0,10,,915,0,,,0,75,,914,84,4,,0,10,,916,0,0,5 6,0,75,,915,84,4,,0,48,,916,84,4,,0,47,,918,0,0,5 6,0,17,,917,84,4,,0,3,,919,0,,,0,25,,891,0,,,0,76,,918,84,4,,0,9,,892,0,,,0,10,,919,84,4,,0,5,,893,0,,,0,60,,891,84,4,,0,10,,894,0,,,0,36,,892,84,4,,0,49,,895,0,,,0,5,,893,84,4,,0,30,,894,84,4,,0,10,,896,0,,,0,55,,897,0,,,0,21,,895,84,4,,0,9,,898,0,,,0,78,,896,84,4,,0,7,,899,0,,,0,8,,897,84,4,,0,7,,900,0,,,0,22,,898,84,4,,0,48,,902,0,,,0,37,,899,84,4,,0,3,,903,0,0,5 6,0,12,,900,84,4,,0,48,,904,0,,,0,22,,902,84,4,,0,8,,905,0,,,0,70,,903,84,4,,0,17,,904,84,4,,0,4,,906,0,,,0,24,,907,0,,,0,1,,905,84,4,,0,84,,908,0,,,0,71,,907,84,4,,0,14,,909,0,,,0,31,,908,84,4,,0,54,,910,0,0,5 6,0,31,,909,84,4,,0,14,,911,0,,,0,114,,911,84,4,,0,46,,913,0,0,5 6,0
2132000,'cal9-mon',620,,920,84,4,,0,5,,932,0,,,0,78,,921,84,4,,0,7,,939,0,,,0,35,,932,84,4,,0,55,,940,0,,,0,39,,939,84,4,,0,11,,941,0,,,0,79,,940,84,4,,0,11,,942,0,,,0,77,,941,84,4,,0,88,,943,0,,,0,5,,942,84,4,,0,45,,945,0,,,0,77,,943,84,4,,0,13,,922,0,,,0,8,,944,84,4,,0,47,,923,0,,,0,24,,945,84,4,,0,11,,924,0,,,0,77,,922,84,4,,0,13,,925,0,,,0,2,,923,84,4,,0,73,,926,0,,,0,2,,924,84,4,,0,13,,927,0,,,0,39,,925,84,4,,0,51,,928,0,,,0,26,,926,84,4,,0,4,,929,0,,,0,11,,927,84,4,,0,9,,930,0,,,0,81,,928,84,4,,0,4,,931,0,,,0,65,,929,84,4,,0,20,,930,84,4,,0,85,,933,0,,,0,116,,933,84,4,,0,9,,934,0,,,0,116,,934,84,4,,0,49,,935,0,,,0,114,,935,84,4,,0,11,,937,0,0,5 6,0,114,,936,84,4,,0,6,,938,0,0,5 6,0
