2132000,'cal1-mon-tue-wed-thu-1',636,,626,14,,,0,85,,627,14,,,0,90,,628,14,,,0,90,,629,14,,,0,50,,630,14,,,0,165,,631,14,,,0,90,,632,14,,,0,50,,633,14,,,0,90,,616,14,,,0,90,,617,14,,,0,91,,618,14,,,0,90,,619,14,,,0,90,,620,14,,,0,45,,621,14,,,0,169,,622,14,,,0,125,,623,14,,,0,165,,624,14,,,0,125,,625,14,0,5 6,0
2132000,'cal10-fri-1',636,,646,14,,,0,85,,648,14,,,0,90,,649,14,,,0,90,,650,14,,,0,50,,651,14,,,0,165,,652,14,,,0,90,,653,14,,,0,50,,654,14,,,0,90,,636,14,,,0,90,,637,14,,,0,91,,638,14,,,0,90,,639,14,,,0,90,,640,14,,,0,45,,641,14,,,0,169,,642,14,,,0,125,,643,14,,,0,165,,644,14,,,0,125,,645,14,,,0,120,,647,14,0,5 6,0
2132000,'cal11-sat-1',641,,667,14,,,0,85,,671,14,,,0,85,,672,14,,,0,45,,673,14,,,0,85,,674,14,0,5 6,0,170,,675,14,0,5 6,0,45,,676,14,,,0,85,,677,14,,,0,85,,657,14,,,0,85,,658,14,,,0,45,,659,14,,,0,86,,660,14,,,0,85,,661,14,,,0,85,,662,14,,,0,40,,663,14,0,5 6,0,89,,664,14,0,5 6,0,115,,665,14,,,0,170,,666,14,,,0,130,,668,14,,,0,160,,669,14,,,0,120,,670,14,0,5 6,0
2132000,'cal12-fri',636,,690,14,,,0,85,,696,14,,,0,90,,697,14,,,0,90,,698,14,,,0,50,,699,14,,,0,165,,700,14,,,0,90,,701,14,,,0,50,,702,14,,,0,90,,680,14,,,0,90,,681,14,,,0,91,,682,14,,,0,90,,683,14,,,0,90,,684,14,,,0,45,,685,14,,,0,169,,686,14,,,0,35,,687,14,,,0,90,,688,14,,,0,80,,689,14,,,0,85,,691,14,,,0,45,,692,14,,,0,80,,693,14,,,0,80,,694,14,,,0,40,,695,14,0,5 6,0
2132000,'cal13-sat',641,,715,14,,,0,85,,723,14,,,0,85,,724,14,,,0,45,,725,14,,,0,85,,726,14,0,5 6,0,170,,727,14,0,5 6,0,45,,728,14,,,0,85,,729,14,,,0,85,,705,14,,,0,85,,706,14,,,0,45,,707,14,,,0,86,,708,14,,,0,85,,709,14,,,0,85,,710,14,,,0,40,,711,14,0,5 6,0,89,,712,14,0,5 6,0,115,,713,14,,,0,85,,714,14,,,0,85,,716,14,,,0,85,,717,14,,,0,45,,718,14,,,0,75,,719,14,,,0,85,,720,14,,,0,40,,721,14,0,5 6,0,80,,722,14,0,5 6,0
2132000,'cal2-fri',636,,742,14,,,0,85,,746,14,,,0,90,,747,14,,,0,90,,748,14,,,0,50,,749,14,,,0,165,,750,14,,,0,90,,751,14,,,0,50,,752,14,,,0,90,,732,14,,,0,90,,733,14,,,0,91,,734,14,,,0,90,,735,14,,,0,90,,736,14,,,0,45,,737,14,,,0,169,,738,14,,,0,35,,739,14,,,0,90,,740,14,,,0,80,,741,14,,,0,85,,743,14,,,0,125,,744,14,,,0,120,,745,14,0,5 6,0
2132000,'cal3-sat',641,,765,14,,,0,85,,771,14,,,0,85,,772,14,,,0,45,,773,14,,,0,85,,774,14,0,5 6,0,170,,775,14,0,5 6,0,45,,776,14,,,0,85,,777,14,,,0,85,,755,14,,,0,85,,756,14,,,0,45,,757,14,,,0,86,,758,14,,,0,85,,759,14,,,0,85,,760,14,,,0,40,,761,14,0,5 6,0,89,,762,14,,,0,115,,763,14,,,0,85,,764,14,,,0,85,,766,14,,,0,85,,767,14,0,5 6,0,45,,768,14,,,0,160,,769,14,,,0,120,,770,14,0,5 6,0
2132000,'cal4-sun-3',641,,790,14,,,0,85,,793,14,,,0,85,,794,14,,,0,45,,795,14,,,0,85,,796,14,0,5 6,0,170,,797,14,0,5 6,0,45,,798,14,,,0,85,,799,14,,,0,85,,780,14,,,0,85,,781,14,,,0,45,,782,14,,,0,86,,783,14,,,0,85,,784,14,,,0,85,,785,14,,,0,40,,786,14,0,5 6,0,89,,787,14,0,5 6,0,115,,788,14,,,0,170,,789,14,,,0,130,,791,14,,,0,160,,792,14,0,5 6,0
2132000,'cal5-sat',641,,812,14,,,0,85,,823,14,,,0,85,,824,14,,,0,45,,825,14,,,0,85,,826,14,0,5 6,0,170,,828,14,0,5 6,0,20,,829,14,,,0,25,,802,14,,,0,85,,803,14,,,0,15,,804,14,,,0,70,,805,14,,,0,85,,806,14,,,0,45,,807,14,,,0,56,,808,14,,,0,30,,809,14,,,0,85,,810,14,,,0,15,,811,14,,,0,70,,813,14,,,0,40,,814,14,0,5 6,0,89,,815,14,,,0,115,,816,14,,,0,85,,817,14,,,0,85,,818,14,,,0,85,,819,14,0,5 6,0,45,,820,14,,,0,160,,821,14,,,0,120,,822,14,0,5 6,0
2132000,'cal6-sun',641,,842,14,,,0,85,,850,14,,,0,85,,851,14,,,0,45,,852,14,,,0,85,,853,14,0,5 6,0,170,,855,14,0,5 6,0,20,,856,14,,,0,25,,832,14,,,0,85,,833,14,,,0,15,,834,14,,,0,70,,835,14,,,0,85,,836,14,,,0,45,,837,14,,,0,56,,838,14,,,0,30,,839,14,,,0,85,,840,14,,,0,15,,841,14,,,0,70,,843,14,,,0,40,,844,14,0,5 6,0,89,,845,14,,,0,115,,846,14,,,0,170,,847,14,,,0,130,,848,14,,,0,160,,849,14,0,5 6,0
2132000,'cal7-sat',641,,869,14,,,0,85,,880,14,,,0,85,,883,14,,,0,45,,884,14,,,0,85,,885,14,0,5 6,0,170,,887,14,0,5 6,0,20,,888,14,,,0,25,,859,14,,,0,85,,860,14,,,0,15,,861,14,,,0,70,,862,14,,,0,85,,863,14,,,0,45,,864,14,,,0,56,,865,14,,,0,30,,866,14,,,0,85,,867,14,,,0,15,,868,14,,,0,70,,870,14,,,0,40,,871,14,0,5 6,0,60,,872,14,,,0,29,,873,14,,,0,91,,874,14,,,0,24,,875,14,,,0,85,,876,14,,,0,85,,877,14,,,0,85,,878,14,0,5 6,0,45,,879,14,,,0,160,,881,14,,,0,120,,882,14,0,5 6,0
2132000,'cal8-sun',641,,901,14,,,0,85,,912,14,,,0,85,,914,14,,,0,45,,915,14,,,0,85,,916,14,0,5 6,0,170,,918,14,0,5 6,0,20,,919,14,,,0,25,,891,14,,,0,85,,892,14,,,0,15,,893,14,,,0,70,,894,14,,,0,85,,895,14,,,0,45,,896,14,,,0,56,,897,14,,,0,30,,898,14,,,0,85,,899,14,,,0,15,,900,14,,,0,70,,902,14,,,0,40,,903,14,0,5 6,0,60,,904,14,,,0,29,,905,14,,,0,91,,906,14,,,0,24,,907,14,,,0,85,,908,14,,,0,85,,909,14,,,0,85,,910,14,0,5 6,0,45,,911,14,,,0,160,,913,14,0,5 6,0
2132000,'cal9-mon',636,,932,14,,,0,85,,939,14,,,0,90,,940,14,,,0,90,,941,14,,,0,50,,942,14,,,0,165,,943,14,,,0,90,,945,14,,,0,50,,922,14,,,0,55,,923,14,,,0,35,,924,14,,,0,90,,925,14,,,0,76,,926,14,,,0,15,,927,14,,,0,90,,928,14,,,0,30,,929,14,,,0,60,,930,14,,,0,45,,931,14,,,0,169,,933,14,,,0,125,,934,14,,,0,165,,935,14,,,0,125,,937,14,0,5 6,0,120,,938,14,0,5 6,0
