2132000,'cal1-mon-tue-wed-thu-1',609,,614,74,,,0,43,,615,74,,,0,82,,626,74,,,0,94,,627,74,,,0,90,,628,74,,,0,88,,629,74,,,0,53,,630,74,,,0,162,,631,74,,,0,92,,632,74,,,0,88,,633,74,,,0,50,,616,74,,,0,92,,617,74,,,0,92,,618,74,,,0,90,,619,74,,,0,89,,620,74,,,0,202,,622,74,,,0,125,,623,74,,,0,163,,624,74,,,0
2132000,'cal10-fri-1',609,,634,74,,,0,43,,635,74,,,0,82,,646,74,,,0,94,,648,74,,,0,90,,649,74,,,0,88,,650,74,,,0,53,,651,74,,,0,162,,652,74,,,0,92,,653,74,,,0,88,,654,74,,,0,50,,636,74,,,0,92,,637,74,,,0,92,,638,74,,,0,90,,639,74,,,0,89,,640,74,,,0,202,,642,74,,,0,125,,643,74,,,0,163,,644,74,,,0,125,,645,74,,,0
2132000,'cal11-sat-1',614,,655,74,,,0,43,,656,74,,,0,82,,667,74,,,0,85,,671,74,,,0,85,,672,74,,,0,45,,673,74,,,0,88,,674,74,0,5 6,0,168,,675,74,0,5 6,0,44,,676,74,,,0,86,,677,74,,,0,84,,657,74,,,0,86,,658,74,,,0,47,,659,74,,,0,84,,660,74,,,0,85,,661,74,,,0,85,,662,74,,,0,38,,663,74,0,5 6,0,202,,665,74,,,0,170,,666,74,,,0,128,,668,74,,,0,160,,669,74,,,0
2132000,'cal12-fri',609,,678,74,,,0,43,,679,74,,,0,82,,690,74,,,0,94,,696,74,,,0,90,,697,74,,,0,88,,698,74,,,0,53,,699,74,,,0,162,,700,74,,,0,92,,701,74,,,0,88,,702,74,,,0,50,,680,74,,,0,92,,681,74,,,0,92,,682,74,,,0,90,,683,74,,,0,89,,684,74,,,0,35,,685,74,,,0,167,,686,74,,,0,35,,687,74,,,0,90,,688,74,,,0,80,,689,74,,,0,83,,691,74,,,0,45,,692,74,,,0,80,,693,74,,,0
2132000,'cal13-sat',614,,703,74,,,0,43,,704,74,,,0,82,,715,74,,,0,85,,723,74,,,0,85,,724,74,,,0,45,,725,74,,,0,88,,726,74,0,5 6,0,168,,727,74,0,5 6,0,44,,728,74,,,0,86,,729,74,,,0,84,,705,74,,,0,86,,706,74,,,0,47,,707,74,,,0,84,,708,74,,,0,85,,709,74,,,0,85,,710,74,,,0,38,,711,74,0,5 6,0,87,,712,74,0,5 6,0,115,,713,74,,,0,85,,714,74,,,0,85,,716,74,,,0,85,,717,74,,,0,43,,718,74,,,0,75,,719,74,,,0,85,,720,74,,,0
2132000,'cal2-fri',609,,730,74,,,0,43,,731,74,,,0,82,,742,74,,,0,94,,746,74,,,0,90,,747,74,,,0,88,,748,74,,,0,53,,749,74,,,0,162,,750,74,,,0,92,,751,74,,,0,88,,752,74,,,0,50,,732,74,,,0,92,,733,74,,,0,92,,734,74,,,0,90,,735,74,,,0,89,,736,74,,,0,35,,737,74,,,0,167,,738,74,,,0,35,,739,74,,,0,90,,740,74,,,0,163,,743,74,,,0,125,,744,74,,,0
2132000,'cal3-sat',614,,753,74,,,0,43,,754,74,,,0,82,,765,74,,,0,85,,771,74,,,0,85,,772,74,,,0,45,,773,74,,,0,88,,774,74,0,5 6,0,168,,775,74,0,5 6,0,44,,776,74,,,0,86,,777,74,,,0,84,,755,74,,,0,86,,756,74,,,0,47,,757,74,,,0,84,,758,74,,,0,85,,759,74,,,0,85,,760,74,,,0,38,,761,74,0,5 6,0,87,,762,74,,,0,115,,763,74,,,0,85,,764,74,,,0,85,,766,74,,,0,128,,768,74,,,0,160,,769,74,,,0
2132000,'cal4-sun-3',614,,778,74,,,0,43,,779,74,,,0,82,,790,74,,,0,85,,793,74,,,0,85,,794,74,,,0,45,,795,74,,,0,88,,796,74,0,5 6,0,168,,797,74,0,5 6,0,44,,798,74,,,0,86,,799,74,,,0,84,,780,74,,,0,86,,781,74,,,0,47,,782,74,,,0,84,,783,74,,,0,85,,784,74,,,0,85,,785,74,,,0,38,,786,74,0,5 6,0,202,,788,74,,,0,170,,789,74,,,0,128,,791,74,,,0
2132000,'cal5-sat',614,,800,74,,,0,43,,801,74,,,0,82,,812,74,,,0,85,,823,74,,,0,85,,824,74,,,0,45,,825,74,,,0,88,,826,74,0,5 6,0,64,,827,74,,,0,104,,828,74,0,5 6,0,19,,829,74,,,0,25,,802,74,,,0,86,,803,74,,,0,14,,804,74,,,0,70,,805,74,,,0,86,,806,74,,,0,47,,807,74,,,0,55,,808,74,,,0,29,,809,74,,,0,85,,810,74,,,0,15,,811,74,,,0,70,,813,74,,,0,38,,814,74,0,5 6,0,87,,815,74,,,0,115,,816,74,,,0,85,,817,74,,,0,85,,818,74,,,0,128,,820,74,,,0,160,,821,74,,,0
2132000,'cal6-sun',614,,830,74,,,0,43,,831,74,,,0,82,,842,74,,,0,85,,850,74,,,0,85,,851,74,,,0,45,,852,74,,,0,88,,853,74,0,5 6,0,64,,854,74,,,0,104,,855,74,0,5 6,0,19,,856,74,,,0,25,,832,74,,,0,86,,833,74,,,0,14,,834,74,,,0,70,,835,74,,,0,86,,836,74,,,0,47,,837,74,,,0,55,,838,74,,,0,29,,839,74,,,0,85,,840,74,,,0,15,,841,74,,,0,70,,843,74,,,0,38,,844,74,0,5 6,0,202,,846,74,,,0,170,,847,74,,,0,128,,848,74,,,0
2132000,'cal7-sat',614,,857,74,,,0,43,,858,74,,,0,82,,869,74,,,0,85,,880,74,,,0,85,,883,74,,,0,45,,884,74,,,0,88,,885,74,0,5 6,0,64,,886,74,,,0,104,,887,74,0,5 6,0,19,,888,74,,,0,25,,859,74,,,0,86,,860,74,,,0,14,,861,74,,,0,70,,862,74,,,0,86,,863,74,,,0,47,,864,74,,,0,55,,865,74,,,0,29,,866,74,,,0,85,,867,74,,,0,15,,868,74,,,0,70,,870,74,,,0,38,,871,74,0,5 6,0,58,,872,74,,,0,29,,873,74,,,0,115,,875,74,,,0,85,,876,74,,,0,85,,877,74,,,0,128,,879,74,,,0,160,,881,74,,,0
2132000,'cal8-sun',614,,889,74,,,0,43,,890,74,,,0,82,,901,74,,,0,85,,912,74,,,0,85,,914,74,,,0,45,,915,74,,,0,88,,916,74,0,5 6,0,64,,917,74,,,0,104,,918,74,0,5 6,0,19,,919,74,,,0,25,,891,74,,,0,86,,892,74,,,0,14,,893,74,,,0,70,,894,74,,,0,86,,895,74,,,0,47,,896,74,,,0,55,,897,74,,,0,29,,898,74,,,0,85,,899,74,,,0,15,,900,74,,,0,70,,902,74,,,0,38,,903,74,0,5 6,0,58,,904,74,,,0,29,,905,74,,,0,115,,907,74,,,0,85,,908,74,,,0,85,,909,74,,,0,128,,911,74,,,0
2132000,'cal9-mon',609,,920,74,,,0,43,,921,74,,,0,82,,932,74,,,0,94,,939,74,,,0,90,,940,74,,,0,88,,941,74,,,0,53,,942,74,,,0,162,,943,74,,,0,21,,944,74,,,0,71,,945,74,,,0,88,,922,74,,,0,15,,923,74,,,0,35,,924,74,,,0,92,,925,74,,,0,77,,926,74,,,0,15,,927,74,,,0,90,,928,74,,,0,29,,929,74,,,0,60,,930,74,,,0,202,,933,74,,,0,125,,934,74,,,0,163,,935,74,,,0,125,,936,74,,,0
