2132000,'cal1-mon-tue-wed-thu-1',629,,626,5,,,0,85,,627,5,,,0,90,,628,5,,,0,50,,629,5,,,0,90,,630,5,,,0,165,,631,5,,,0,50,,632,5,,,0,90,,633,5,,,0,90,,616,5,,,0,90,,617,5,,,0,90,,618,5,,,0,90,,619,5,,,0,50,,620,5,,,0,85,,621,5,,,0,170,,622,5,,,0,125,,623,5,,,0,165,,624,5,,,0,125,,625,5,0,5 6,0
2132000,'cal10-fri-1',629,,646,5,,,0,85,,648,5,,,0,90,,649,5,,,0,50,,650,5,,,0,90,,651,5,,,0,165,,652,5,,,0,50,,653,5,,,0,90,,654,5,,,0,90,,636,5,,,0,90,,637,5,,,0,90,,638,5,,,0,90,,639,5,,,0,50,,640,5,,,0,85,,641,5,,,0,170,,642,5,,,0,125,,643,5,,,0,165,,644,5,,,0,125,,645,5,,,0,120,,647,5,0,5 6,0
2132000,'cal11-sat-1',634,,667,5,,,0,85,,671,5,,,0,85,,672,5,,,0,45,,673,5,,,0,85,,674,5,0,5 6,0,170,,675,5,0,5 6,0,45,,676,5,,,0,85,,677,5,,,0,85,,657,5,,,0,85,,658,5,,,0,45,,659,5,,,0,85,,660,5,,,0,85,,661,5,,,0,85,,662,5,,,0,40,,663,5,0,5 6,0,90,,664,5,0,5 6,0,115,,665,5,,,0,170,,666,5,,,0,130,,668,5,,,0,160,,669,5,,,0,120,,670,5,0,5 6,0
2132000,'cal12-fri',629,,690,5,,,0,85,,696,5,,,0,90,,697,5,,,0,50,,698,5,,,0,90,,699,5,,,0,165,,700,5,,,0,50,,701,5,,,0,90,,702,5,,,0,90,,680,5,,,0,90,,681,5,,,0,90,,682,5,,,0,90,,683,5,,,0,50,,684,5,,,0,85,,685,5,,,0,170,,686,5,,,0,35,,687,5,,,0,90,,688,5,,,0,80,,689,5,,,0,85,,691,5,,,0,45,,692,5,,,0,80,,693,5,,,0,80,,694,5,,,0,40,,695,5,0,5 6,0
2132000,'cal13-sat',634,,715,5,,,0,85,,723,5,,,0,85,,724,5,,,0,45,,725,5,,,0,85,,726,5,0,5 6,0,170,,727,5,0,5 6,0,45,,728,5,,,0,85,,729,5,,,0,85,,705,5,,,0,85,,706,5,,,0,45,,707,5,,,0,85,,708,5,,,0,85,,709,5,,,0,85,,710,5,,,0,40,,711,5,0,5 6,0,90,,712,5,0,5 6,0,115,,713,5,,,0,85,,714,5,,,0,85,,716,5,,,0,85,,717,5,,,0,45,,718,5,,,0,75,,719,5,,,0,85,,720,5,,,0,40,,721,5,0,5 6,0,80,,722,5,0,5 6,0
2132000,'cal2-fri',629,,742,5,,,0,85,,746,5,,,0,90,,747,5,,,0,50,,748,5,,,0,90,,749,5,,,0,165,,750,5,,,0,50,,751,5,,,0,90,,752,5,,,0,90,,732,5,,,0,90,,733,5,,,0,90,,734,5,,,0,90,,735,5,,,0,50,,736,5,,,0,85,,737,5,,,0,170,,738,5,,,0,35,,739,5,,,0,90,,740,5,,,0,80,,741,5,,,0,85,,743,5,,,0,125,,744,5,,,0,120,,745,5,0,5 6,0
2132000,'cal3-sat',634,,765,5,,,0,85,,771,5,,,0,85,,772,5,,,0,45,,773,5,,,0,85,,774,5,0,5 6,0,170,,775,5,0,5 6,0,45,,776,5,,,0,85,,777,5,,,0,85,,755,5,,,0,85,,756,5,,,0,45,,757,5,,,0,85,,758,5,,,0,85,,759,5,,,0,85,,760,5,,,0,40,,761,5,0,5 6,0,90,,762,5,,,0,115,,763,5,,,0,85,,764,5,,,0,85,,766,5,,,0,85,,767,5,0,5 6,0,45,,768,5,,,0,160,,769,5,,,0,120,,770,5,0,5 6,0
2132000,'cal4-sun-3',634,,790,5,,,0,85,,793,5,,,0,85,,794,5,,,0,45,,795,5,,,0,85,,796,5,0,5 6,0,170,,797,5,0,5 6,0,45,,798,5,,,0,85,,799,5,,,0,85,,780,5,,,0,85,,781,5,,,0,45,,782,5,,,0,85,,783,5,,,0,85,,784,5,,,0,85,,785,5,,,0,40,,786,5,0,5 6,0,90,,787,5,0,5 6,0,115,,788,5,,,0,170,,789,5,,,0,130,,791,5,,,0,160,,792,5,0,5 6,0
2132000,'cal5-sat',634,,812,5,,,0,85,,823,5,,,0,85,,824,5,,,0,45,,825,5,,,0,85,,826,5,0,5 6,0,170,,828,5,0,5 6,0,20,,829,5,,,0,25,,802,5,,,0,85,,803,5,,,0,15,,804,5,,,0,70,,805,5,,,0,85,,806,5,,,0,45,,807,5,,,0,55,,808,5,,,0,30,,809,5,,,0,85,,810,5,,,0,15,,811,5,,,0,70,,813,5,,,0,40,,814,5,0,5 6,0,90,,815,5,,,0,115,,816,5,,,0,85,,817,5,,,0,85,,818,5,,,0,85,,819,5,0,5 6,0,45,,820,5,,,0,160,,821,5,,,0,120,,822,5,0,5 6,0
2132000,'cal6-sun',634,,842,5,,,0,85,,850,5,,,0,85,,851,5,,,0,45,,852,5,,,0,85,,853,5,0,5 6,0,170,,855,5,0,5 6,0,20,,856,5,,,0,25,,832,5,,,0,85,,833,5,,,0,15,,834,5,,,0,70,,835,5,,,0,85,,836,5,,,0,45,,837,5,,,0,55,,838,5,,,0,30,,839,5,,,0,85,,840,5,,,0,15,,841,5,,,0,70,,843,5,,,0,40,,844,5,0,5 6,0,90,,845,5,,,0,115,,846,5,,,0,170,,847,5,,,0,130,,848,5,,,0,160,,849,5,0,5 6,0
2132000,'cal7-sat',634,,869,5,,,0,85,,880,5,,,0,85,,883,5,,,0,45,,884,5,,,0,85,,885,5,0,5 6,0,170,,887,5,0,5 6,0,20,,888,5,,,0,25,,859,5,,,0,85,,860,5,,,0,15,,861,5,,,0,70,,862,5,,,0,85,,863,5,,,0,45,,864,5,,,0,55,,865,5,,,0,30,,866,5,,,0,85,,867,5,,,0,15,,868,5,,,0,70,,870,5,,,0,40,,871,5,0,5 6,0,60,,872,5,,,0,30,,873,5,,,0,91,,874,5,,,0,24,,875,5,,,0,85,,876,5,,,0,85,,877,5,,,0,85,,878,5,0,5 6,0,45,,879,5,,,0,160,,881,5,,,0,120,,882,5,0,5 6,0
2132000,'cal8-sun',634,,901,5,,,0,85,,912,5,,,0,85,,914,5,,,0,45,,915,5,,,0,85,,916,5,0,5 6,0,170,,918,5,0,5 6,0,20,,919,5,,,0,25,,891,5,,,0,85,,892,5,,,0,15,,893,5,,,0,70,,894,5,,,0,85,,895,5,,,0,45,,896,5,,,0,55,,897,5,,,0,30,,898,5,,,0,85,,899,5,,,0,15,,900,5,,,0,70,,902,5,,,0,40,,903,5,0,5 6,0,60,,904,5,,,0,30,,905,5,,,0,91,,906,5,,,0,24,,907,5,,,0,85,,908,5,,,0,85,,909,5,,,0,85,,910,5,0,5 6,0,45,,911,5,,,0,160,,913,5,0,5 6,0
2132000,'cal9-mon',629,,932,5,,,0,85,,939,5,,,0,90,,940,5,,,0,50,,941,5,,,0,90,,942,5,,,0,165,,943,5,,,0,50,,945,5,,,0,90,,922,5,,,0,55,,923,5,,,0,35,,924,5,,,0,90,,925,5,,,0,75,,926,5,,,0,15,,927,5,,,0,90,,928,5,,,0,30,,929,5,,,0,20,,930,5,,,0,85,,931,5,,,0,170,,933,5,,,0,125,,934,5,,,0,165,,935,5,,,0,125,,937,5,0,5 6,0,120,,938,5,0,5 6,0
