2132000,'cal1-mon-tue-wed-thu-1',545,,614,51,,,0,83,,615,51,,,0,82,,626,51,,,0,94,,627,51,,,0,50,,628,51,,,0,88,,629,51,,,0,93,,630,51,,,0,123,,631,51,,,0,92,,632,51,,,0,88,,633,51,,,0,90,,616,51,,,0,92,,617,51,,,0,92,,618,51,,,0,90,,619,51,,,0,49,,620,51,,,0,76,,621,51,,,0,127,,622,51,,,0,165,,623,51,,,0,125,,624,51,,,0,165,,625,51,0,5 6,0
2132000,'cal10-fri-1',545,,634,51,,,0,83,,635,51,,,0,82,,646,51,,,0,94,,648,51,,,0,50,,649,51,,,0,88,,650,51,,,0,93,,651,51,,,0,123,,652,51,,,0,92,,653,51,,,0,88,,654,51,,,0,90,,636,51,,,0,92,,637,51,,,0,92,,638,51,,,0,90,,639,51,,,0,49,,640,51,,,0,76,,641,51,,,0,127,,642,51,,,0,165,,643,51,,,0,125,,644,51,,,0,165,,645,51,,,0,120,,647,51,0,5 6,0
2132000,'cal11-sat-1',550,,655,51,,,0,83,,656,51,,,0,82,,667,51,,,0,85,,671,51,,,0,45,,672,51,,,0,85,,673,51,,,0,88,,674,51,0,5 6,0,129,,675,51,0,5 6,0,84,,676,51,,,0,86,,677,51,,,0,84,,657,51,,,0,46,,658,51,,,0,87,,659,51,,,0,84,,660,51,,,0,85,,661,51,,,0,45,,662,51,,,0,79,,663,51,0,5 6,0,87,,664,51,0,5 6,0,115,,665,51,,,0,130,,666,51,,,0,170,,668,51,,,0,120,,669,51,,,0,160,,670,51,0,5 6,0
2132000,'cal12-fri',545,,678,51,,,0,83,,679,51,,,0,82,,690,51,,,0,94,,696,51,,,0,50,,697,51,,,0,88,,698,51,,,0,93,,699,51,,,0,123,,700,51,,,0,92,,701,51,,,0,88,,702,51,,,0,90,,680,51,,,0,92,,681,51,,,0,92,,682,51,,,0,90,,683,51,,,0,49,,684,51,,,0,76,,685,51,,,0,127,,686,51,,,0,75,,687,51,,,0,90,,688,51,,,0,40,,689,51,,,0,85,,691,51,,,0,85,,692,51,,,0,80,,693,51,,,0,40,,694,51,,,0,80,,695,51,0,5 6,0
2132000,'cal13-sat',550,,703,51,,,0,83,,704,51,,,0,82,,715,51,,,0,85,,723,51,,,0,45,,724,51,,,0,85,,725,51,,,0,88,,726,51,0,5 6,0,129,,727,51,0,5 6,0,84,,728,51,,,0,86,,729,51,,,0,84,,705,51,,,0,46,,706,51,,,0,87,,707,51,,,0,84,,708,51,,,0,85,,709,51,,,0,45,,710,51,,,0,79,,711,51,0,5 6,0,87,,712,51,0,5 6,0,115,,713,51,,,0,85,,714,51,,,0,45,,716,51,,,0,85,,717,51,,,0,85,,718,51,,,0,75,,719,51,,,0,45,,720,51,,,0,80,,721,51,0,5 6,0,80,,722,51,0,5 6,0
2132000,'cal2-fri',545,,730,51,,,0,83,,731,51,,,0,82,,742,51,,,0,94,,746,51,,,0,50,,747,51,,,0,88,,748,51,,,0,93,,749,51,,,0,123,,750,51,,,0,92,,751,51,,,0,88,,752,51,,,0,90,,732,51,,,0,92,,733,51,,,0,92,,734,51,,,0,90,,735,51,,,0,49,,736,51,,,0,76,,737,51,,,0,127,,738,51,,,0,75,,739,51,,,0,90,,740,51,,,0,40,,741,51,,,0,85,,743,51,,,0,165,,744,51,,,0,120,,745,51,0,5 6,0
2132000,'cal3-sat',550,,753,51,,,0,83,,754,51,,,0,82,,765,51,,,0,85,,771,51,,,0,45,,772,51,,,0,85,,773,51,,,0,88,,774,51,0,5 6,0,129,,775,51,0,5 6,0,84,,776,51,,,0,86,,777,51,,,0,84,,755,51,,,0,46,,756,51,,,0,87,,757,51,,,0,84,,758,51,,,0,85,,759,51,,,0,45,,760,51,,,0,79,,761,51,0,5 6,0,87,,762,51,,,0,115,,763,51,,,0,85,,764,51,,,0,45,,766,51,,,0,85,,767,51,0,5 6,0,85,,768,51,,,0,120,,769,51,,,0,160,,770,51,0,5 6,0
2132000,'cal4-sun-3',550,,778,51,,,0,83,,779,51,,,0,82,,790,51,,,0,85,,793,51,,,0,45,,794,51,,,0,85,,795,51,,,0,88,,796,51,0,5 6,0,129,,797,51,0,5 6,0,84,,798,51,,,0,86,,799,51,,,0,84,,780,51,,,0,46,,781,51,,,0,87,,782,51,,,0,84,,783,51,,,0,85,,784,51,,,0,45,,785,51,,,0,79,,786,51,0,5 6,0,87,,787,51,0,5 6,0,115,,788,51,,,0,130,,789,51,,,0,170,,791,51,,,0,120,,792,51,0,5 6,0
2132000,'cal5-sat',550,,800,51,,,0,83,,801,51,,,0,82,,812,51,,,0,85,,823,51,,,0,45,,824,51,,,0,85,,825,51,,,0,88,,826,51,0,5 6,0,24,,827,51,,,0,105,,828,51,0,5 6,0,59,,829,51,,,0,25,,802,51,,,0,86,,803,51,,,0,14,,804,51,,,0,70,,805,51,,,0,46,,806,51,,,0,87,,807,51,,,0,15,,808,51,,,0,69,,809,51,,,0,85,,810,51,,,0,15,,811,51,,,0,30,,813,51,,,0,79,,814,51,0,5 6,0,87,,815,51,,,0,115,,816,51,,,0,85,,817,51,,,0,45,,818,51,,,0,85,,819,51,0,5 6,0,85,,820,51,,,0,120,,821,51,,,0,160,,822,51,0,5 6,0
2132000,'cal6-sun',550,,830,51,,,0,83,,831,51,,,0,82,,842,51,,,0,85,,850,51,,,0,45,,851,51,,,0,85,,852,51,,,0,88,,853,51,0,5 6,0,24,,854,51,,,0,105,,855,51,0,5 6,0,59,,856,51,,,0,25,,832,51,,,0,86,,833,51,,,0,14,,834,51,,,0,70,,835,51,,,0,46,,836,51,,,0,87,,837,51,,,0,15,,838,51,,,0,69,,839,51,,,0,85,,840,51,,,0,15,,841,51,,,0,30,,843,51,,,0,79,,844,51,0,5 6,0,87,,845,51,,,0,115,,846,51,,,0,130,,847,51,,,0,170,,848,51,,,0,120,,849,51,0,5 6,0
2132000,'cal7-sat',550,,857,51,,,0,83,,858,51,,,0,82,,869,51,,,0,85,,880,51,,,0,45,,883,51,,,0,85,,884,51,,,0,88,,885,51,0,5 6,0,24,,886,51,,,0,105,,887,51,0,5 6,0,59,,888,51,,,0,25,,859,51,,,0,86,,860,51,,,0,14,,861,51,,,0,70,,862,51,,,0,46,,863,51,,,0,87,,864,51,,,0,15,,865,51,,,0,69,,866,51,,,0,85,,867,51,,,0,15,,868,51,,,0,30,,870,51,,,0,79,,871,51,0,5 6,0,18,,872,51,,,0,69,,873,51,,,0,115,,875,51,,,0,85,,876,51,,,0,45,,877,51,,,0,85,,878,51,0,5 6,0,85,,879,51,,,0,120,,881,51,,,0,160,,882,51,0,5 6,0
2132000,'cal8-sun',550,,889,51,,,0,83,,890,51,,,0,82,,901,51,,,0,85,,912,51,,,0,45,,914,51,,,0,85,,915,51,,,0,88,,916,51,0,5 6,0,24,,917,51,,,0,105,,918,51,0,5 6,0,59,,919,51,,,0,25,,891,51,,,0,86,,892,51,,,0,14,,893,51,,,0,70,,894,51,,,0,46,,895,51,,,0,87,,896,51,,,0,15,,897,51,,,0,69,,898,51,,,0,85,,899,51,,,0,15,,900,51,,,0,30,,902,51,,,0,79,,903,51,0,5 6,0,18,,904,51,,,0,69,,905,51,,,0,115,,907,51,,,0,85,,908,51,,,0,45,,909,51,,,0,85,,910,51,0,5 6,0,85,,911,51,,,0,120,,913,51,0,5 6,0
2132000,'cal9-mon',545,,920,51,,,0,83,,921,51,,,0,82,,932,51,,,0,94,,939,51,,,0,50,,940,51,,,0,88,,941,51,,,0,93,,942,51,,,0,123,,943,51,,,0,61,,944,51,,,0,31,,945,51,,,0,88,,922,51,,,0,15,,923,51,,,0,75,,924,51,,,0,92,,925,51,,,0,37,,926,51,,,0,55,,927,51,,,0,90,,928,51,,,0,29,,929,51,,,0,20,,930,51,,,0,76,,931,51,,,0,127,,933,51,,,0,165,,934,51,,,0,125,,935,51,,,0,165,,937,51,0,5 6,0,120,,938,51,0,5 6,0
