2132000,'cal1-mon-tue-wed-thu-1',551,,614,56,,,0,83,,615,56,,,0,82,,626,56,,,0,94,,627,56,,,0,90,,628,56,,,0,48,,629,56,,,0,93,,630,56,,,0,163,,631,56,,,0,52,,632,56,,,0,88,,633,56,,,0,90,,616,56,,,0,92,,617,56,,,0,92,,618,56,,,0,90,,619,56,,,0,49,,620,56,,,0,243,,622,56,,,0,125,,623,56,,,0,123,,624,56,,,0
2132000,'cal10-fri-1',551,,634,56,,,0,83,,635,56,,,0,82,,646,56,,,0,94,,648,56,,,0,90,,649,56,,,0,48,,650,56,,,0,93,,651,56,,,0,163,,652,56,,,0,52,,653,56,,,0,88,,654,56,,,0,90,,636,56,,,0,92,,637,56,,,0,92,,638,56,,,0,90,,639,56,,,0,49,,640,56,,,0,243,,642,56,,,0,125,,643,56,,,0,123,,644,56,,,0,165,,645,56,,,0
2132000,'cal11-sat-1',556,,655,56,,,0,83,,656,56,,,0,82,,667,56,,,0,85,,671,56,,,0,45,,672,56,,,0,85,,673,56,,,0,88,,674,56,0,5 6,0,129,,675,56,0,5 6,0,84,,676,56,,,0,86,,677,56,,,0,84,,657,56,,,0,46,,658,56,,,0,87,,659,56,,,0,84,,660,56,,,0,85,,661,56,,,0,45,,662,56,,,0,79,,663,56,0,5 6,0,202,,665,56,,,0,170,,666,56,,,0,128,,668,56,,,0,120,,669,56,,,0
2132000,'cal12-fri',551,,678,56,,,0,83,,679,56,,,0,82,,690,56,,,0,94,,696,56,,,0,90,,697,56,,,0,48,,698,56,,,0,93,,699,56,,,0,163,,700,56,,,0,52,,701,56,,,0,88,,702,56,,,0,90,,680,56,,,0,92,,681,56,,,0,92,,682,56,,,0,90,,683,56,,,0,49,,684,56,,,0,76,,685,56,,,0,167,,686,56,,,0,35,,687,56,,,0,90,,688,56,,,0,80,,689,56,,,0,43,,691,56,,,0,85,,692,56,,,0,80,,693,56,,,0
2132000,'cal13-sat',556,,703,56,,,0,83,,704,56,,,0,82,,715,56,,,0,85,,723,56,,,0,45,,724,56,,,0,85,,725,56,,,0,88,,726,56,0,5 6,0,129,,727,56,0,5 6,0,84,,728,56,,,0,86,,729,56,,,0,84,,705,56,,,0,46,,706,56,,,0,87,,707,56,,,0,84,,708,56,,,0,85,,709,56,,,0,45,,710,56,,,0,79,,711,56,0,5 6,0,87,,712,56,0,5 6,0,115,,713,56,,,0,85,,714,56,,,0,85,,716,56,,,0,45,,717,56,,,0,83,,718,56,,,0,75,,719,56,,,0,45,,720,56,,,0
2132000,'cal2-fri',551,,730,56,,,0,83,,731,56,,,0,82,,742,56,,,0,94,,746,56,,,0,90,,747,56,,,0,48,,748,56,,,0,93,,749,56,,,0,163,,750,56,,,0,52,,751,56,,,0,88,,752,56,,,0,90,,732,56,,,0,92,,733,56,,,0,92,,734,56,,,0,90,,735,56,,,0,49,,736,56,,,0,76,,737,56,,,0,167,,738,56,,,0,35,,739,56,,,0,90,,740,56,,,0,123,,743,56,,,0,165,,744,56,,,0
2132000,'cal3-sat',556,,753,56,,,0,83,,754,56,,,0,82,,765,56,,,0,85,,771,56,,,0,45,,772,56,,,0,85,,773,56,,,0,88,,774,56,0,5 6,0,129,,775,56,0,5 6,0,84,,776,56,,,0,86,,777,56,,,0,84,,755,56,,,0,46,,756,56,,,0,87,,757,56,,,0,84,,758,56,,,0,85,,759,56,,,0,45,,760,56,,,0,79,,761,56,0,5 6,0,87,,762,56,,,0,115,,763,56,,,0,85,,764,56,,,0,85,,766,56,,,0,128,,768,56,,,0,120,,769,56,,,0
2132000,'cal4-sun-3',556,,778,56,,,0,83,,779,56,,,0,82,,790,56,,,0,85,,793,56,,,0,45,,794,56,,,0,85,,795,56,,,0,88,,796,56,0,5 6,0,129,,797,56,0,5 6,0,84,,798,56,,,0,86,,799,56,,,0,84,,780,56,,,0,46,,781,56,,,0,87,,782,56,,,0,84,,783,56,,,0,85,,784,56,,,0,45,,785,56,,,0,79,,786,56,0,5 6,0,202,,788,56,,,0,170,,789,56,,,0,128,,791,56,,,0
2132000,'cal5-sat',556,,800,56,,,0,83,,801,56,,,0,82,,812,56,,,0,85,,823,56,,,0,45,,824,56,,,0,85,,825,56,,,0,88,,826,56,0,5 6,0,24,,827,56,,,0,105,,828,56,0,5 6,0,59,,829,56,,,0,25,,802,56,,,0,86,,803,56,,,0,14,,804,56,,,0,70,,805,56,,,0,46,,806,56,,,0,87,,807,56,,,0,15,,808,56,,,0,69,,809,56,,,0,85,,810,56,,,0,15,,811,56,,,0,30,,813,56,,,0,79,,814,56,0,5 6,0,87,,815,56,,,0,115,,816,56,,,0,85,,817,56,,,0,85,,818,56,,,0,128,,820,56,,,0,120,,821,56,,,0
2132000,'cal6-sun',556,,830,56,,,0,83,,831,56,,,0,82,,842,56,,,0,85,,850,56,,,0,45,,851,56,,,0,85,,852,56,,,0,88,,853,56,0,5 6,0,24,,854,56,,,0,105,,855,56,0,5 6,0,59,,856,56,,,0,25,,832,56,,,0,86,,833,56,,,0,14,,834,56,,,0,70,,835,56,,,0,46,,836,56,,,0,87,,837,56,,,0,15,,838,56,,,0,69,,839,56,,,0,85,,840,56,,,0,15,,841,56,,,0,30,,843,56,,,0,79,,844,56,0,5 6,0,202,,846,56,,,0,170,,847,56,,,0,128,,848,56,,,0
2132000,'cal7-sat',556,,857,56,,,0,83,,858,56,,,0,82,,869,56,,,0,85,,880,56,,,0,45,,883,56,,,0,85,,884,56,,,0,88,,885,56,0,5 6,0,24,,886,56,,,0,105,,887,56,0,5 6,0,59,,888,56,,,0,25,,859,56,,,0,86,,860,56,,,0,14,,861,56,,,0,70,,862,56,,,0,46,,863,56,,,0,87,,864,56,,,0,15,,865,56,,,0,69,,866,56,,,0,85,,867,56,,,0,15,,868,56,,,0,30,,870,56,,,0,79,,871,56,0,5 6,0,18,,872,56,,,0,69,,873,56,,,0,115,,875,56,,,0,85,,876,56,,,0,85,,877,56,,,0,128,,879,56,,,0,120,,881,56,,,0
2132000,'cal8-sun',556,,889,56,,,0,83,,890,56,,,0,82,,901,56,,,0,85,,912,56,,,0,45,,914,56,,,0,85,,915,56,,,0,88,,916,56,0,5 6,0,24,,917,56,,,0,105,,918,56,0,5 6,0,59,,919,56,,,0,25,,891,56,,,0,86,,892,56,,,0,14,,893,56,,,0,70,,894,56,,,0,46,,895,56,,,0,87,,896,56,,,0,15,,897,56,,,0,69,,898,56,,,0,85,,899,56,,,0,15,,900,56,,,0,30,,902,56,,,0,79,,903,56,0,5 6,0,18,,904,56,,,0,69,,905,56,,,0,115,,907,56,,,0,85,,908,56,,,0,85,,909,56,,,0,128,,911,56,,,0
2132000,'cal9-mon',551,,920,56,,,0,83,,921,56,,,0,82,,932,56,,,0,94,,939,56,,,0,90,,940,56,,,0,48,,941,56,,,0,93,,942,56,,,0,163,,943,56,,,0,21,,944,56,,,0,31,,945,56,,,0,88,,922,56,,,0,15,,923,56,,,0,75,,924,56,,,0,92,,925,56,,,0,77,,926,56,,,0,15,,927,56,,,0,90,,928,56,,,0,29,,929,56,,,0,20,,930,56,,,0,243,,933,56,,,0,125,,934,56,,,0,123,,935,56,,,0,165,,936,56,,,0
