2132000,'cal1-mon-tue-wed-thu-1',641,,626,19,,,0,85,,627,19,,,0,90,,628,19,,,0,90,,629,19,,,0,50,,630,19,,,0,165,,631,19,,,0,90,,632,19,,,0,90,,633,19,,,0,50,,616,19,,,0,90,,617,19,,,0,91,,618,19,,,0,90,,619,19,,,0,90,,620,19,,,0,45,,621,19,,,0,169,,622,19,,,0,125,,623,19,,,0,165,,624,19,,,0,125,,625,19,0,5 6,0
2132000,'cal10-fri-1',641,,646,19,,,0,85,,648,19,,,0,90,,649,19,,,0,90,,650,19,,,0,50,,651,19,,,0,165,,652,19,,,0,90,,653,19,,,0,90,,654,19,,,0,50,,636,19,,,0,90,,637,19,,,0,91,,638,19,,,0,90,,639,19,,,0,90,,640,19,,,0,45,,641,19,,,0,169,,642,19,,,0,125,,643,19,,,0,165,,644,19,,,0,125,,645,19,,,0,160,,647,19,0,5 6,0
2132000,'cal11-sat-1',646,,667,19,,,0,85,,671,19,,,0,85,,672,19,,,0,85,,673,19,,,0,45,,674,19,0,5 6,0,170,,675,19,0,5 6,0,85,,676,19,,,0,45,,677,19,,,0,85,,657,19,,,0,85,,658,19,,,0,85,,659,19,,,0,46,,660,19,,,0,85,,661,19,,,0,85,,662,19,,,0,40,,663,19,0,5 6,0,89,,664,19,0,5 6,0,155,,665,19,,,0,130,,666,19,,,0,170,,668,19,,,0,120,,669,19,,,0,120,,670,19,0,5 6,0
2132000,'cal12-fri',641,,690,19,,,0,85,,696,19,,,0,90,,697,19,,,0,90,,698,19,,,0,50,,699,19,,,0,165,,700,19,,,0,90,,701,19,,,0,90,,702,19,,,0,50,,680,19,,,0,90,,681,19,,,0,91,,682,19,,,0,90,,683,19,,,0,90,,684,19,,,0,45,,685,19,,,0,169,,686,19,,,0,75,,687,19,,,0,50,,688,19,,,0,80,,689,19,,,0,85,,691,19,,,0,85,,692,19,,,0,40,,693,19,,,0,80,,694,19,,,0,80,,695,19,0,5 6,0
2132000,'cal13-sat',646,,715,19,,,0,85,,723,19,,,0,85,,724,19,,,0,85,,725,19,,,0,45,,726,19,0,5 6,0,170,,727,19,0,5 6,0,85,,728,19,,,0,45,,729,19,,,0,85,,705,19,,,0,85,,706,19,,,0,85,,707,19,,,0,46,,708,19,,,0,85,,709,19,,,0,85,,710,19,,,0,40,,711,19,0,5 6,0,89,,712,19,0,5 6,0,155,,713,19,,,0,45,,714,19,,,0,85,,716,19,,,0,85,,717,19,,,0,85,,718,19,,,0,35,,719,19,,,0,85,,720,19,,,0,80,,721,19,0,5 6,0,40,,722,19,0,5 6,0
2132000,'cal2-fri',641,,742,19,,,0,85,,746,19,,,0,90,,747,19,,,0,90,,748,19,,,0,50,,749,19,,,0,165,,750,19,,,0,90,,751,19,,,0,90,,752,19,,,0,50,,732,19,,,0,90,,733,19,,,0,91,,734,19,,,0,90,,735,19,,,0,90,,736,19,,,0,45,,737,19,,,0,169,,738,19,,,0,75,,739,19,,,0,50,,740,19,,,0,80,,741,19,,,0,85,,743,19,,,0,125,,744,19,,,0,160,,745,19,0,5 6,0
2132000,'cal3-sat',646,,765,19,,,0,85,,771,19,,,0,85,,772,19,,,0,85,,773,19,,,0,45,,774,19,0,5 6,0,170,,775,19,0,5 6,0,85,,776,19,,,0,45,,777,19,,,0,85,,755,19,,,0,85,,756,19,,,0,85,,757,19,,,0,46,,758,19,,,0,85,,759,19,,,0,85,,760,19,,,0,40,,761,19,0,5 6,0,89,,762,19,,,0,155,,763,19,,,0,45,,764,19,,,0,85,,766,19,,,0,85,,767,19,0,5 6,0,85,,768,19,,,0,120,,769,19,,,0,120,,770,19,0,5 6,0
2132000,'cal4-sun-3',646,,790,19,,,0,85,,793,19,,,0,85,,794,19,,,0,85,,795,19,,,0,45,,796,19,0,5 6,0,170,,797,19,0,5 6,0,85,,798,19,,,0,45,,799,19,,,0,85,,780,19,,,0,85,,781,19,,,0,85,,782,19,,,0,46,,783,19,,,0,85,,784,19,,,0,85,,785,19,,,0,40,,786,19,0,5 6,0,89,,787,19,0,5 6,0,155,,788,19,,,0,130,,789,19,,,0,170,,791,19,,,0,120,,792,19,0,5 6,0
2132000,'cal5-sat',646,,812,19,,,0,85,,823,19,,,0,85,,824,19,,,0,85,,825,19,,,0,45,,826,19,0,5 6,0,170,,828,19,0,5 6,0,20,,829,19,,,0,65,,802,19,,,0,45,,803,19,,,0,55,,804,19,,,0,30,,805,19,,,0,85,,806,19,,,0,85,,807,19,,,0,16,,808,19,,,0,30,,809,19,,,0,85,,810,19,,,0,15,,811,19,,,0,70,,813,19,,,0,40,,814,19,0,5 6,0,89,,815,19,,,0,155,,816,19,,,0,45,,817,19,,,0,85,,818,19,,,0,85,,819,19,0,5 6,0,85,,820,19,,,0,120,,821,19,,,0,120,,822,19,0,5 6,0
2132000,'cal6-sun',646,,842,19,,,0,85,,850,19,,,0,85,,851,19,,,0,85,,852,19,,,0,45,,853,19,0,5 6,0,170,,855,19,0,5 6,0,20,,856,19,,,0,65,,832,19,,,0,45,,833,19,,,0,55,,834,19,,,0,30,,835,19,,,0,85,,836,19,,,0,85,,837,19,,,0,16,,838,19,,,0,30,,839,19,,,0,85,,840,19,,,0,15,,841,19,,,0,70,,843,19,,,0,40,,844,19,0,5 6,0,89,,845,19,,,0,155,,846,19,,,0,130,,847,19,,,0,170,,848,19,,,0,120,,849,19,0,5 6,0
2132000,'cal7-sat',646,,869,19,,,0,85,,880,19,,,0,85,,883,19,,,0,85,,884,19,,,0,45,,885,19,0,5 6,0,170,,887,19,0,5 6,0,20,,888,19,,,0,65,,859,19,,,0,45,,860,19,,,0,55,,861,19,,,0,30,,862,19,,,0,85,,863,19,,,0,85,,864,19,,,0,16,,865,19,,,0,30,,866,19,,,0,85,,867,19,,,0,15,,868,19,,,0,70,,870,19,,,0,40,,871,19,0,5 6,0,60,,872,19,,,0,29,,873,19,,,0,91,,874,19,,,0,64,,875,19,,,0,45,,876,19,,,0,85,,877,19,,,0,85,,878,19,0,5 6,0,85,,879,19,,,0,120,,881,19,,,0,120,,882,19,0,5 6,0
2132000,'cal8-sun',646,,901,19,,,0,85,,912,19,,,0,85,,914,19,,,0,85,,915,19,,,0,45,,916,19,0,5 6,0,170,,918,19,0,5 6,0,20,,919,19,,,0,65,,891,19,,,0,45,,892,19,,,0,55,,893,19,,,0,30,,894,19,,,0,85,,895,19,,,0,85,,896,19,,,0,16,,897,19,,,0,30,,898,19,,,0,85,,899,19,,,0,15,,900,19,,,0,70,,902,19,,,0,40,,903,19,0,5 6,0,60,,904,19,,,0,29,,905,19,,,0,91,,906,19,,,0,64,,907,19,,,0,45,,908,19,,,0,85,,909,19,,,0,85,,910,19,0,5 6,0,85,,911,19,,,0,120,,913,19,0,5 6,0
2132000,'cal9-mon',641,,932,19,,,0,85,,939,19,,,0,90,,940,19,,,0,90,,941,19,,,0,50,,942,19,,,0,165,,943,19,,,0,90,,945,19,,,0,90,,922,19,,,0,15,,923,19,,,0,35,,924,19,,,0,90,,925,19,,,0,76,,926,19,,,0,15,,927,19,,,0,90,,928,19,,,0,30,,929,19,,,0,60,,930,19,,,0,45,,931,19,,,0,169,,933,19,,,0,125,,934,19,,,0,165,,935,19,,,0,125,,937,19,0,5 6,0,160,,938,19,0,5 6,0
