2132000,'cal1-mon-tue-wed-thu-1',639,,626,18,,,0,85,,627,18,,,0,90,,628,18,,,0,90,,629,18,,,0,50,,630,18,,,0,165,,631,18,,,0,90,,632,18,,,0,50,,633,18,,,0,90,,616,18,,,0,90,,617,18,,,0,91,,618,18,,,0,90,,619,18,,,0,90,,620,18,,,0,45,,621,18,,,0,169,,622,18,,,0,125,,623,18,,,0,165,,624,18,,,0,125,,625,18,0,5 6,0
2132000,'cal10-fri-1',639,,646,18,,,0,85,,648,18,,,0,90,,649,18,,,0,90,,650,18,,,0,50,,651,18,,,0,165,,652,18,,,0,90,,653,18,,,0,50,,654,18,,,0,90,,636,18,,,0,90,,637,18,,,0,91,,638,18,,,0,90,,639,18,,,0,90,,640,18,,,0,45,,641,18,,,0,169,,642,18,,,0,125,,643,18,,,0,165,,644,18,,,0,125,,645,18,,,0,120,,647,18,0,5 6,0
2132000,'cal11-sat-1',644,,667,18,,,0,85,,671,18,,,0,85,,672,18,,,0,45,,673,18,,,0,85,,674,18,0,5 6,0,170,,675,18,0,5 6,0,45,,676,18,,,0,85,,677,18,,,0,85,,657,18,,,0,85,,658,18,,,0,45,,659,18,,,0,86,,660,18,,,0,85,,661,18,,,0,85,,662,18,,,0,40,,663,18,0,5 6,0,89,,664,18,0,5 6,0,115,,665,18,,,0,170,,666,18,,,0,130,,668,18,,,0,160,,669,18,,,0,120,,670,18,0,5 6,0
2132000,'cal12-fri',639,,690,18,,,0,85,,696,18,,,0,90,,697,18,,,0,90,,698,18,,,0,50,,699,18,,,0,165,,700,18,,,0,90,,701,18,,,0,50,,702,18,,,0,90,,680,18,,,0,90,,681,18,,,0,91,,682,18,,,0,90,,683,18,,,0,90,,684,18,,,0,45,,685,18,,,0,169,,686,18,,,0,35,,687,18,,,0,90,,688,18,,,0,80,,689,18,,,0,85,,691,18,,,0,45,,692,18,,,0,80,,693,18,,,0,80,,694,18,,,0,40,,695,18,0,5 6,0
2132000,'cal13-sat',644,,715,18,,,0,85,,723,18,,,0,85,,724,18,,,0,45,,725,18,,,0,85,,726,18,0,5 6,0,170,,727,18,0,5 6,0,45,,728,18,,,0,85,,729,18,,,0,85,,705,18,,,0,85,,706,18,,,0,45,,707,18,,,0,86,,708,18,,,0,85,,709,18,,,0,85,,710,18,,,0,40,,711,18,0,5 6,0,89,,712,18,0,5 6,0,115,,713,18,,,0,85,,714,18,,,0,85,,716,18,,,0,85,,717,18,,,0,45,,718,18,,,0,75,,719,18,,,0,85,,720,18,,,0,40,,721,18,0,5 6,0,80,,722,18,0,5 6,0
2132000,'cal2-fri',639,,742,18,,,0,85,,746,18,,,0,90,,747,18,,,0,90,,748,18,,,0,50,,749,18,,,0,165,,750,18,,,0,90,,751,18,,,0,50,,752,18,,,0,90,,732,18,,,0,90,,733,18,,,0,91,,734,18,,,0,90,,735,18,,,0,90,,736,18,,,0,45,,737,18,,,0,169,,738,18,,,0,35,,739,18,,,0,90,,740,18,,,0,80,,741,18,,,0,85,,743,18,,,0,125,,744,18,,,0,120,,745,18,0,5 6,0
2132000,'cal3-sat',644,,765,18,,,0,85,,771,18,,,0,85,,772,18,,,0,45,,773,18,,,0,85,,774,18,0,5 6,0,170,,775,18,0,5 6,0,45,,776,18,,,0,85,,777,18,,,0,85,,755,18,,,0,85,,756,18,,,0,45,,757,18,,,0,86,,758,18,,,0,85,,759,18,,,0,85,,760,18,,,0,40,,761,18,0,5 6,0,89,,762,18,,,0,115,,763,18,,,0,85,,764,18,,,0,85,,766,18,,,0,85,,767,18,0,5 6,0,45,,768,18,,,0,160,,769,18,,,0,120,,770,18,0,5 6,0
2132000,'cal4-sun-3',644,,790,18,,,0,85,,793,18,,,0,85,,794,18,,,0,45,,795,18,,,0,85,,796,18,0,5 6,0,170,,797,18,0,5 6,0,45,,798,18,,,0,85,,799,18,,,0,85,,780,18,,,0,85,,781,18,,,0,45,,782,18,,,0,86,,783,18,,,0,85,,784,18,,,0,85,,785,18,,,0,40,,786,18,0,5 6,0,89,,787,18,0,5 6,0,115,,788,18,,,0,170,,789,18,,,0,130,,791,18,,,0,160,,792,18,0,5 6,0
2132000,'cal5-sat',644,,812,18,,,0,85,,823,18,,,0,85,,824,18,,,0,45,,825,18,,,0,85,,826,18,0,5 6,0,170,,828,18,0,5 6,0,20,,829,18,,,0,25,,802,18,,,0,85,,803,18,,,0,15,,804,18,,,0,70,,805,18,,,0,85,,806,18,,,0,45,,807,18,,,0,56,,808,18,,,0,30,,809,18,,,0,85,,810,18,,,0,15,,811,18,,,0,70,,813,18,,,0,40,,814,18,0,5 6,0,89,,815,18,,,0,115,,816,18,,,0,85,,817,18,,,0,85,,818,18,,,0,85,,819,18,0,5 6,0,45,,820,18,,,0,160,,821,18,,,0,120,,822,18,0,5 6,0
2132000,'cal6-sun',644,,842,18,,,0,85,,850,18,,,0,85,,851,18,,,0,45,,852,18,,,0,85,,853,18,0,5 6,0,170,,855,18,0,5 6,0,20,,856,18,,,0,25,,832,18,,,0,85,,833,18,,,0,15,,834,18,,,0,70,,835,18,,,0,85,,836,18,,,0,45,,837,18,,,0,56,,838,18,,,0,30,,839,18,,,0,85,,840,18,,,0,15,,841,18,,,0,70,,843,18,,,0,40,,844,18,0,5 6,0,89,,845,18,,,0,115,,846,18,,,0,170,,847,18,,,0,130,,848,18,,,0,160,,849,18,0,5 6,0
2132000,'cal7-sat',644,,869,18,,,0,85,,880,18,,,0,85,,883,18,,,0,45,,884,18,,,0,85,,885,18,0,5 6,0,170,,887,18,0,5 6,0,20,,888,18,,,0,25,,859,18,,,0,85,,860,18,,,0,15,,861,18,,,0,70,,862,18,,,0,85,,863,18,,,0,45,,864,18,,,0,56,,865,18,,,0,30,,866,18,,,0,85,,867,18,,,0,15,,868,18,,,0,70,,870,18,,,0,40,,871,18,0,5 6,0,60,,872,18,,,0,29,,873,18,,,0,91,,874,18,,,0,24,,875,18,,,0,85,,876,18,,,0,85,,877,18,,,0,85,,878,18,0,5 6,0,45,,879,18,,,0,160,,881,18,,,0,120,,882,18,0,5 6,0
2132000,'cal8-sun',644,,901,18,,,0,85,,912,18,,,0,85,,914,18,,,0,45,,915,18,,,0,85,,916,18,0,5 6,0,170,,918,18,0,5 6,0,20,,919,18,,,0,25,,891,18,,,0,85,,892,18,,,0,15,,893,18,,,0,70,,894,18,,,0,85,,895,18,,,0,45,,896,18,,,0,56,,897,18,,,0,30,,898,18,,,0,85,,899,18,,,0,15,,900,18,,,0,70,,902,18,,,0,40,,903,18,0,5 6,0,60,,904,18,,,0,29,,905,18,,,0,91,,906,18,,,0,24,,907,18,,,0,85,,908,18,,,0,85,,909,18,,,0,85,,910,18,0,5 6,0,45,,911,18,,,0,160,,913,18,0,5 6,0
2132000,'cal9-mon',639,,932,18,,,0,85,,939,18,,,0,90,,940,18,,,0,90,,941,18,,,0,50,,942,18,,,0,165,,943,18,,,0,90,,945,18,,,0,50,,922,18,,,0,55,,923,18,,,0,35,,924,18,,,0,90,,925,18,,,0,76,,926,18,,,0,15,,927,18,,,0,90,,928,18,,,0,30,,929,18,,,0,60,,930,18,,,0,45,,931,18,,,0,169,,933,18,,,0,125,,934,18,,,0,165,,935,18,,,0,125,,937,18,0,5 6,0,120,,938,18,0,5 6,0
