2132000,'cal1-mon-tue-wed-thu-1',529,,614,35,,,0,83,,615,35,,,0,42,,626,35,,,0,85,,627,35,,,0,90,,628,35,,,0,90,,629,35,,,0,93,,630,35,,,0,123,,631,35,,,0,92,,632,35,,,0,88,,633,35,,,0,90,,616,35,,,0,51,,617,35,,,0,91,,618,35,,,0,90,,619,35,,,0,90,,620,35,,,0,85,,621,35,,,0,127,,622,35,,,0,165,,623,35,,,0,125,,624,35,,,0,125,,625,35,0,5 6,0
2132000,'cal10-fri-1',529,,634,35,,,0,83,,635,35,,,0,42,,646,35,,,0,85,,648,35,,,0,90,,649,35,,,0,90,,650,35,,,0,93,,651,35,,,0,123,,652,35,,,0,92,,653,35,,,0,88,,654,35,,,0,90,,636,35,,,0,51,,637,35,,,0,91,,638,35,,,0,90,,639,35,,,0,90,,640,35,,,0,85,,641,35,,,0,127,,642,35,,,0,165,,643,35,,,0,125,,644,35,,,0,125,,645,35,,,0,160,,647,35,0,5 6,0
2132000,'cal11-sat-1',534,,655,35,,,0,83,,656,35,,,0,42,,667,35,,,0,85,,671,35,,,0,85,,672,35,,,0,85,,673,35,,,0,88,,674,35,0,5 6,0,129,,675,35,0,5 6,0,84,,676,35,,,0,86,,677,35,,,0,44,,657,35,,,0,86,,658,35,,,0,85,,659,35,,,0,86,,660,35,,,0,45,,661,35,,,0,85,,662,35,,,0,80,,663,35,0,5 6,0,47,,664,35,0,5 6,0,155,,665,35,,,0,130,,666,35,,,0,170,,668,35,,,0,120,,669,35,,,0,120,,670,35,0,5 6,0
2132000,'cal12-fri',529,,678,35,,,0,83,,679,35,,,0,42,,690,35,,,0,85,,696,35,,,0,90,,697,35,,,0,90,,698,35,,,0,93,,699,35,,,0,123,,700,35,,,0,92,,701,35,,,0,88,,702,35,,,0,90,,680,35,,,0,51,,681,35,,,0,91,,682,35,,,0,90,,683,35,,,0,90,,684,35,,,0,85,,685,35,,,0,127,,686,35,,,0,75,,687,35,,,0,90,,688,35,,,0,40,,689,35,,,0,85,,691,35,,,0,85,,692,35,,,0,40,,693,35,,,0,80,,694,35,,,0,80,,695,35,0,5 6,0
2132000,'cal13-sat',534,,703,35,,,0,83,,704,35,,,0,42,,715,35,,,0,85,,723,35,,,0,85,,724,35,,,0,85,,725,35,,,0,88,,726,35,0,5 6,0,129,,727,35,0,5 6,0,84,,728,35,,,0,86,,729,35,,,0,44,,705,35,,,0,86,,706,35,,,0,85,,707,35,,,0,86,,708,35,,,0,45,,709,35,,,0,85,,710,35,,,0,80,,711,35,0,5 6,0,47,,712,35,0,5 6,0,155,,713,35,,,0,45,,714,35,,,0,85,,716,35,,,0,85,,717,35,,,0,85,,718,35,,,0,35,,719,35,,,0,85,,720,35,,,0,80,,721,35,0,5 6,0,40,,722,35,0,5 6,0
2132000,'cal2-fri',529,,730,35,,,0,83,,731,35,,,0,42,,742,35,,,0,85,,746,35,,,0,90,,747,35,,,0,90,,748,35,,,0,93,,749,35,,,0,123,,750,35,,,0,92,,751,35,,,0,88,,752,35,,,0,90,,732,35,,,0,51,,733,35,,,0,91,,734,35,,,0,90,,735,35,,,0,90,,736,35,,,0,85,,737,35,,,0,127,,738,35,,,0,75,,739,35,,,0,90,,740,35,,,0,40,,741,35,,,0,85,,743,35,,,0,125,,744,35,,,0,160,,745,35,0,5 6,0
2132000,'cal3-sat',534,,753,35,,,0,83,,754,35,,,0,42,,765,35,,,0,85,,771,35,,,0,85,,772,35,,,0,85,,773,35,,,0,88,,774,35,0,5 6,0,129,,775,35,0,5 6,0,84,,776,35,,,0,86,,777,35,,,0,44,,755,35,,,0,86,,756,35,,,0,85,,757,35,,,0,86,,758,35,,,0,45,,759,35,,,0,85,,760,35,,,0,80,,761,35,0,5 6,0,47,,762,35,,,0,155,,763,35,,,0,45,,764,35,,,0,85,,766,35,,,0,85,,767,35,0,5 6,0,85,,768,35,,,0,120,,769,35,,,0,120,,770,35,0,5 6,0
2132000,'cal4-sun-3',534,,778,35,,,0,83,,779,35,,,0,42,,790,35,,,0,85,,793,35,,,0,85,,794,35,,,0,85,,795,35,,,0,88,,796,35,0,5 6,0,129,,797,35,0,5 6,0,84,,798,35,,,0,86,,799,35,,,0,44,,780,35,,,0,86,,781,35,,,0,85,,782,35,,,0,86,,783,35,,,0,45,,784,35,,,0,85,,785,35,,,0,80,,786,35,0,5 6,0,47,,787,35,0,5 6,0,155,,788,35,,,0,130,,789,35,,,0,170,,791,35,,,0,120,,792,35,0,5 6,0
2132000,'cal5-sat',534,,800,35,,,0,83,,801,35,,,0,42,,812,35,,,0,85,,823,35,,,0,85,,824,35,,,0,85,,825,35,,,0,88,,826,35,0,5 6,0,129,,828,35,0,5 6,0,19,,829,35,,,0,65,,802,35,,,0,86,,803,35,,,0,14,,804,35,,,0,30,,805,35,,,0,86,,806,35,,,0,85,,807,35,,,0,16,,808,35,,,0,70,,809,35,,,0,45,,810,35,,,0,55,,811,35,,,0,30,,813,35,,,0,80,,814,35,0,5 6,0,47,,815,35,,,0,155,,816,35,,,0,45,,817,35,,,0,85,,818,35,,,0,85,,819,35,0,5 6,0,85,,820,35,,,0,120,,821,35,,,0,120,,822,35,0,5 6,0
2132000,'cal6-sun',534,,830,35,,,0,83,,831,35,,,0,42,,842,35,,,0,85,,850,35,,,0,85,,851,35,,,0,85,,852,35,,,0,88,,853,35,0,5 6,0,129,,855,35,0,5 6,0,19,,856,35,,,0,65,,832,35,,,0,86,,833,35,,,0,14,,834,35,,,0,30,,835,35,,,0,86,,836,35,,,0,85,,837,35,,,0,16,,838,35,,,0,70,,839,35,,,0,45,,840,35,,,0,55,,841,35,,,0,30,,843,35,,,0,80,,844,35,0,5 6,0,47,,845,35,,,0,155,,846,35,,,0,130,,847,35,,,0,170,,848,35,,,0,120,,849,35,0,5 6,0
2132000,'cal7-sat',534,,857,35,,,0,83,,858,35,,,0,42,,869,35,,,0,85,,880,35,,,0,85,,883,35,,,0,85,,884,35,,,0,88,,885,35,0,5 6,0,129,,887,35,0,5 6,0,19,,888,35,,,0,65,,859,35,,,0,86,,860,35,,,0,14,,861,35,,,0,30,,862,35,,,0,86,,863,35,,,0,85,,864,35,,,0,16,,865,35,,,0,70,,866,35,,,0,45,,867,35,,,0,55,,868,35,,,0,30,,870,35,,,0,80,,871,35,0,5 6,0,18,,872,35,,,0,29,,873,35,,,0,91,,874,35,,,0,64,,875,35,,,0,45,,876,35,,,0,85,,877,35,,,0,85,,878,35,0,5 6,0,85,,879,35,,,0,120,,881,35,,,0,120,,882,35,0,5 6,0
2132000,'cal8-sun',534,,889,35,,,0,83,,890,35,,,0,42,,901,35,,,0,85,,912,35,,,0,85,,914,35,,,0,85,,915,35,,,0,88,,916,35,0,5 6,0,129,,918,35,0,5 6,0,19,,919,35,,,0,65,,891,35,,,0,86,,892,35,,,0,14,,893,35,,,0,30,,894,35,,,0,86,,895,35,,,0,85,,896,35,,,0,16,,897,35,,,0,70,,898,35,,,0,45,,899,35,,,0,55,,900,35,,,0,30,,902,35,,,0,80,,903,35,0,5 6,0,18,,904,35,,,0,29,,905,35,,,0,91,,906,35,,,0,64,,907,35,,,0,45,,908,35,,,0,85,,909,35,,,0,85,,910,35,0,5 6,0,85,,911,35,,,0,120,,913,35,0,5 6,0
2132000,'cal9-mon',529,,920,35,,,0,83,,921,35,,,0,42,,932,35,,,0,85,,939,35,,,0,90,,940,35,,,0,90,,941,35,,,0,93,,942,35,,,0,123,,943,35,,,0,92,,945,35,,,0,88,,922,35,,,0,15,,923,35,,,0,75,,924,35,,,0,51,,925,35,,,0,76,,926,35,,,0,15,,927,35,,,0,90,,928,35,,,0,70,,929,35,,,0,20,,930,35,,,0,85,,931,35,,,0,127,,933,35,,,0,165,,934,35,,,0,125,,935,35,,,0,125,,937,35,0,5 6,0,160,,938,35,0,5 6,0
