2132000,'cal1-mon-tue-wed-thu-1',645,,626,25,,,0,85,,627,25,,,0,90,,628,25,,,0,90,,629,25,,,0,90,,630,25,,,0,125,,631,25,,,0,90,,632,25,,,0,90,,633,25,,,0,50,,616,25,,,0,91,,617,25,,,0,91,,618,25,,,0,90,,619,25,,,0,90,,620,25,,,0,85,,621,25,,,0,128,,622,25,,,0,125,,623,25,,,0,165,,624,25,,,0,125,,625,25,0,5 6,0
2132000,'cal10-fri-1',645,,646,25,,,0,85,,648,25,,,0,90,,649,25,,,0,90,,650,25,,,0,90,,651,25,,,0,125,,652,25,,,0,90,,653,25,,,0,90,,654,25,,,0,50,,636,25,,,0,91,,637,25,,,0,91,,638,25,,,0,90,,639,25,,,0,90,,640,25,,,0,85,,641,25,,,0,128,,642,25,,,0,125,,643,25,,,0,165,,644,25,,,0,125,,645,25,,,0,160,,647,25,0,5 6,0
2132000,'cal11-sat-1',650,,667,25,,,0,85,,671,25,,,0,85,,672,25,,,0,85,,673,25,,,0,45,,674,25,0,5 6,0,170,,675,25,0,5 6,0,85,,676,25,,,0,45,,677,25,,,0,85,,657,25,,,0,86,,658,25,,,0,85,,659,25,,,0,46,,660,25,,,0,85,,661,25,,,0,85,,662,25,,,0,80,,663,25,0,5 6,0,48,,664,25,0,5 6,0,155,,665,25,,,0,130,,666,25,,,0,170,,668,25,,,0,120,,669,25,,,0,120,,670,25,0,5 6,0
2132000,'cal12-fri',645,,690,25,,,0,85,,696,25,,,0,90,,697,25,,,0,90,,698,25,,,0,90,,699,25,,,0,125,,700,25,,,0,90,,701,25,,,0,90,,702,25,,,0,50,,680,25,,,0,91,,681,25,,,0,91,,682,25,,,0,90,,683,25,,,0,90,,684,25,,,0,85,,685,25,,,0,128,,686,25,,,0,75,,687,25,,,0,50,,688,25,,,0,80,,689,25,,,0,85,,691,25,,,0,85,,692,25,,,0,40,,693,25,,,0,80,,694,25,,,0,80,,695,25,0,5 6,0
2132000,'cal13-sat',650,,715,25,,,0,85,,723,25,,,0,85,,724,25,,,0,85,,725,25,,,0,45,,726,25,0,5 6,0,170,,727,25,0,5 6,0,85,,728,25,,,0,45,,729,25,,,0,85,,705,25,,,0,86,,706,25,,,0,85,,707,25,,,0,46,,708,25,,,0,85,,709,25,,,0,85,,710,25,,,0,80,,711,25,0,5 6,0,48,,712,25,0,5 6,0,155,,713,25,,,0,45,,714,25,,,0,85,,716,25,,,0,85,,717,25,,,0,85,,718,25,,,0,35,,719,25,,,0,85,,720,25,,,0,80,,721,25,0,5 6,0,40,,722,25,0,5 6,0
2132000,'cal2-fri',645,,742,25,,,0,85,,746,25,,,0,90,,747,25,,,0,90,,748,25,,,0,90,,749,25,,,0,125,,750,25,,,0,90,,751,25,,,0,90,,752,25,,,0,50,,732,25,,,0,91,,733,25,,,0,91,,734,25,,,0,90,,735,25,,,0,90,,736,25,,,0,85,,737,25,,,0,128,,738,25,,,0,75,,739,25,,,0,50,,740,25,,,0,80,,741,25,,,0,85,,743,25,,,0,125,,744,25,,,0,160,,745,25,0,5 6,0
2132000,'cal3-sat',650,,765,25,,,0,85,,771,25,,,0,85,,772,25,,,0,85,,773,25,,,0,45,,774,25,0,5 6,0,170,,775,25,0,5 6,0,85,,776,25,,,0,45,,777,25,,,0,85,,755,25,,,0,86,,756,25,,,0,85,,757,25,,,0,46,,758,25,,,0,85,,759,25,,,0,85,,760,25,,,0,80,,761,25,0,5 6,0,48,,762,25,,,0,155,,763,25,,,0,45,,764,25,,,0,85,,766,25,,,0,85,,767,25,0,5 6,0,85,,768,25,,,0,120,,769,25,,,0,120,,770,25,0,5 6,0
2132000,'cal4-sun-3',650,,790,25,,,0,85,,793,25,,,0,85,,794,25,,,0,85,,795,25,,,0,45,,796,25,0,5 6,0,170,,797,25,0,5 6,0,85,,798,25,,,0,45,,799,25,,,0,85,,780,25,,,0,86,,781,25,,,0,85,,782,25,,,0,46,,783,25,,,0,85,,784,25,,,0,85,,785,25,,,0,80,,786,25,0,5 6,0,48,,787,25,0,5 6,0,155,,788,25,,,0,130,,789,25,,,0,170,,791,25,,,0,120,,792,25,0,5 6,0
2132000,'cal5-sat',650,,812,25,,,0,85,,823,25,,,0,85,,824,25,,,0,85,,825,25,,,0,45,,826,25,0,5 6,0,170,,828,25,0,5 6,0,20,,829,25,,,0,65,,802,25,,,0,45,,803,25,,,0,55,,804,25,,,0,30,,805,25,,,0,86,,806,25,,,0,85,,807,25,,,0,16,,808,25,,,0,30,,809,25,,,0,85,,810,25,,,0,15,,811,25,,,0,70,,813,25,,,0,80,,814,25,0,5 6,0,48,,815,25,,,0,155,,816,25,,,0,45,,817,25,,,0,85,,818,25,,,0,85,,819,25,0,5 6,0,85,,820,25,,,0,120,,821,25,,,0,120,,822,25,0,5 6,0
2132000,'cal6-sun',650,,842,25,,,0,85,,850,25,,,0,85,,851,25,,,0,85,,852,25,,,0,45,,853,25,0,5 6,0,170,,855,25,0,5 6,0,20,,856,25,,,0,65,,832,25,,,0,45,,833,25,,,0,55,,834,25,,,0,30,,835,25,,,0,86,,836,25,,,0,85,,837,25,,,0,16,,838,25,,,0,30,,839,25,,,0,85,,840,25,,,0,15,,841,25,,,0,70,,843,25,,,0,80,,844,25,0,5 6,0,48,,845,25,,,0,155,,846,25,,,0,130,,847,25,,,0,170,,848,25,,,0,120,,849,25,0,5 6,0
2132000,'cal7-sat',650,,869,25,,,0,85,,880,25,,,0,85,,883,25,,,0,85,,884,25,,,0,45,,885,25,0,5 6,0,170,,887,25,0,5 6,0,20,,888,25,,,0,65,,859,25,,,0,45,,860,25,,,0,55,,861,25,,,0,30,,862,25,,,0,86,,863,25,,,0,85,,864,25,,,0,16,,865,25,,,0,30,,866,25,,,0,85,,867,25,,,0,15,,868,25,,,0,70,,870,25,,,0,80,,871,25,0,5 6,0,19,,872,25,,,0,29,,873,25,,,0,91,,874,25,,,0,64,,875,25,,,0,45,,876,25,,,0,85,,877,25,,,0,85,,878,25,0,5 6,0,85,,879,25,,,0,120,,881,25,,,0,120,,882,25,0,5 6,0
2132000,'cal8-sun',650,,901,25,,,0,85,,912,25,,,0,85,,914,25,,,0,85,,915,25,,,0,45,,916,25,0,5 6,0,170,,918,25,0,5 6,0,20,,919,25,,,0,65,,891,25,,,0,45,,892,25,,,0,55,,893,25,,,0,30,,894,25,,,0,86,,895,25,,,0,85,,896,25,,,0,16,,897,25,,,0,30,,898,25,,,0,85,,899,25,,,0,15,,900,25,,,0,70,,902,25,,,0,80,,903,25,0,5 6,0,19,,904,25,,,0,29,,905,25,,,0,91,,906,25,,,0,64,,907,25,,,0,45,,908,25,,,0,85,,909,25,,,0,85,,910,25,0,5 6,0,85,,911,25,,,0,120,,913,25,0,5 6,0
2132000,'cal9-mon',645,,932,25,,,0,85,,939,25,,,0,90,,940,25,,,0,90,,941,25,,,0,90,,942,25,,,0,125,,943,25,,,0,90,,945,25,,,0,90,,922,25,,,0,15,,923,25,,,0,35,,924,25,,,0,91,,925,25,,,0,76,,926,25,,,0,15,,927,25,,,0,90,,928,25,,,0,30,,929,25,,,0,60,,930,25,,,0,85,,931,25,,,0,128,,933,25,,,0,125,,934,25,,,0,165,,935,25,,,0,125,,937,25,0,5 6,0,160,,938,25,0,5 6,0
