2132000,'cal1-mon-tue-wed-thu-1',555,,614,59,,,0,83,,615,59,,,0,82,,626,59,,,0,94,,627,59,,,0,90,,628,59,,,0,48,,629,59,,,0,93,,630,59,,,0,163,,631,59,,,0,92,,632,59,,,0,48,,633,59,,,0,90,,616,59,,,0,92,,617,59,,,0,92,,618,59,,,0,90,,619,59,,,0,89,,620,59,,,0,202,,622,59,,,0,125,,623,59,,,0,123,,624,59,,,0
2132000,'cal10-fri-1',555,,634,59,,,0,83,,635,59,,,0,82,,646,59,,,0,94,,648,59,,,0,90,,649,59,,,0,48,,650,59,,,0,93,,651,59,,,0,163,,652,59,,,0,92,,653,59,,,0,48,,654,59,,,0,90,,636,59,,,0,92,,637,59,,,0,92,,638,59,,,0,90,,639,59,,,0,89,,640,59,,,0,202,,642,59,,,0,125,,643,59,,,0,123,,644,59,,,0,165,,645,59,,,0
2132000,'cal11-sat-1',600,,655,59,,,0,43,,656,59,,,0,82,,667,59,,,0,85,,671,59,,,0,45,,672,59,,,0,85,,673,59,,,0,88,,674,59,0,5 6,0,129,,675,59,0,5 6,0,84,,676,59,,,0,86,,677,59,,,0,84,,657,59,,,0,46,,658,59,,,0,87,,659,59,,,0,84,,660,59,,,0,85,,661,59,,,0,45,,662,59,,,0,78,,663,59,0,5 6,0,202,,665,59,,,0,170,,666,59,,,0,128,,668,59,,,0,120,,669,59,,,0
2132000,'cal12-fri',555,,678,59,,,0,83,,679,59,,,0,82,,690,59,,,0,94,,696,59,,,0,90,,697,59,,,0,48,,698,59,,,0,93,,699,59,,,0,163,,700,59,,,0,92,,701,59,,,0,48,,702,59,,,0,90,,680,59,,,0,92,,681,59,,,0,92,,682,59,,,0,90,,683,59,,,0,89,,684,59,,,0,35,,685,59,,,0,167,,686,59,,,0,35,,687,59,,,0,90,,688,59,,,0,80,,689,59,,,0,43,,691,59,,,0,85,,692,59,,,0,80,,693,59,,,0
2132000,'cal13-sat',600,,703,59,,,0,43,,704,59,,,0,82,,715,59,,,0,85,,723,59,,,0,45,,724,59,,,0,85,,725,59,,,0,88,,726,59,0,5 6,0,129,,727,59,0,5 6,0,84,,728,59,,,0,86,,729,59,,,0,84,,705,59,,,0,46,,706,59,,,0,87,,707,59,,,0,84,,708,59,,,0,85,,709,59,,,0,45,,710,59,,,0,78,,711,59,0,5 6,0,87,,712,59,0,5 6,0,115,,713,59,,,0,85,,714,59,,,0,85,,716,59,,,0,45,,717,59,,,0,83,,718,59,,,0,75,,719,59,,,0,45,,720,59,,,0
2132000,'cal2-fri',555,,730,59,,,0,83,,731,59,,,0,82,,742,59,,,0,94,,746,59,,,0,90,,747,59,,,0,48,,748,59,,,0,93,,749,59,,,0,163,,750,59,,,0,92,,751,59,,,0,48,,752,59,,,0,90,,732,59,,,0,92,,733,59,,,0,92,,734,59,,,0,90,,735,59,,,0,89,,736,59,,,0,35,,737,59,,,0,167,,738,59,,,0,35,,739,59,,,0,90,,740,59,,,0,123,,743,59,,,0,165,,744,59,,,0
2132000,'cal3-sat',600,,753,59,,,0,43,,754,59,,,0,82,,765,59,,,0,85,,771,59,,,0,45,,772,59,,,0,85,,773,59,,,0,88,,774,59,0,5 6,0,129,,775,59,0,5 6,0,84,,776,59,,,0,86,,777,59,,,0,84,,755,59,,,0,46,,756,59,,,0,87,,757,59,,,0,84,,758,59,,,0,85,,759,59,,,0,45,,760,59,,,0,78,,761,59,0,5 6,0,87,,762,59,,,0,115,,763,59,,,0,85,,764,59,,,0,85,,766,59,,,0,128,,768,59,,,0,120,,769,59,,,0
2132000,'cal4-sun-3',600,,778,59,,,0,43,,779,59,,,0,82,,790,59,,,0,85,,793,59,,,0,45,,794,59,,,0,85,,795,59,,,0,88,,796,59,0,5 6,0,129,,797,59,0,5 6,0,84,,798,59,,,0,86,,799,59,,,0,84,,780,59,,,0,46,,781,59,,,0,87,,782,59,,,0,84,,783,59,,,0,85,,784,59,,,0,45,,785,59,,,0,78,,786,59,0,5 6,0,202,,788,59,,,0,170,,789,59,,,0,128,,791,59,,,0
2132000,'cal5-sat',600,,800,59,,,0,43,,801,59,,,0,82,,812,59,,,0,85,,823,59,,,0,45,,824,59,,,0,85,,825,59,,,0,88,,826,59,0,5 6,0,24,,827,59,,,0,105,,828,59,0,5 6,0,59,,829,59,,,0,25,,802,59,,,0,86,,803,59,,,0,14,,804,59,,,0,70,,805,59,,,0,46,,806,59,,,0,87,,807,59,,,0,15,,808,59,,,0,69,,809,59,,,0,85,,810,59,,,0,15,,811,59,,,0,30,,813,59,,,0,78,,814,59,0,5 6,0,87,,815,59,,,0,115,,816,59,,,0,85,,817,59,,,0,85,,818,59,,,0,128,,820,59,,,0,120,,821,59,,,0
2132000,'cal6-sun',600,,830,59,,,0,43,,831,59,,,0,82,,842,59,,,0,85,,850,59,,,0,45,,851,59,,,0,85,,852,59,,,0,88,,853,59,0,5 6,0,24,,854,59,,,0,105,,855,59,0,5 6,0,59,,856,59,,,0,25,,832,59,,,0,86,,833,59,,,0,14,,834,59,,,0,70,,835,59,,,0,46,,836,59,,,0,87,,837,59,,,0,15,,838,59,,,0,69,,839,59,,,0,85,,840,59,,,0,15,,841,59,,,0,30,,843,59,,,0,78,,844,59,0,5 6,0,202,,846,59,,,0,170,,847,59,,,0,128,,848,59,,,0
2132000,'cal7-sat',600,,857,59,,,0,43,,858,59,,,0,82,,869,59,,,0,85,,880,59,,,0,45,,883,59,,,0,85,,884,59,,,0,88,,885,59,0,5 6,0,24,,886,59,,,0,105,,887,59,0,5 6,0,59,,888,59,,,0,25,,859,59,,,0,86,,860,59,,,0,14,,861,59,,,0,70,,862,59,,,0,46,,863,59,,,0,87,,864,59,,,0,15,,865,59,,,0,69,,866,59,,,0,85,,867,59,,,0,15,,868,59,,,0,30,,870,59,,,0,78,,871,59,0,5 6,0,18,,872,59,,,0,69,,873,59,,,0,115,,875,59,,,0,85,,876,59,,,0,85,,877,59,,,0,128,,879,59,,,0,120,,881,59,,,0
2132000,'cal8-sun',600,,889,59,,,0,43,,890,59,,,0,82,,901,59,,,0,85,,912,59,,,0,45,,914,59,,,0,85,,915,59,,,0,88,,916,59,0,5 6,0,24,,917,59,,,0,105,,918,59,0,5 6,0,59,,919,59,,,0,25,,891,59,,,0,86,,892,59,,,0,14,,893,59,,,0,70,,894,59,,,0,46,,895,59,,,0,87,,896,59,,,0,15,,897,59,,,0,69,,898,59,,,0,85,,899,59,,,0,15,,900,59,,,0,30,,902,59,,,0,78,,903,59,0,5 6,0,18,,904,59,,,0,69,,905,59,,,0,115,,907,59,,,0,85,,908,59,,,0,85,,909,59,,,0,128,,911,59,,,0
2132000,'cal9-mon',555,,920,59,,,0,83,,921,59,,,0,82,,932,59,,,0,94,,939,59,,,0,90,,940,59,,,0,48,,941,59,,,0,93,,942,59,,,0,163,,943,59,,,0,21,,944,59,,,0,71,,945,59,,,0,48,,922,59,,,0,55,,923,59,,,0,35,,924,59,,,0,92,,925,59,,,0,77,,926,59,,,0,15,,927,59,,,0,90,,928,59,,,0,29,,929,59,,,0,60,,930,59,,,0,202,,933,59,,,0,125,,934,59,,,0,123,,935,59,,,0,165,,936,59,,,0
