2132000,'cal1-mon-tue-wed-thu-1',604,,614,69,,,0,43,,615,69,,,0,82,,626,69,,,0,94,,627,69,,,0,90,,628,69,,,0,88,,629,69,,,0,53,,630,69,,,0,162,,631,69,,,0,92,,632,69,,,0,48,,633,69,,,0,90,,616,69,,,0,92,,617,69,,,0,92,,618,69,,,0,90,,619,69,,,0,89,,620,69,,,0,202,,622,69,,,0,125,,623,69,,,0,123,,624,69,,,0
2132000,'cal10-fri-1',604,,634,69,,,0,43,,635,69,,,0,82,,646,69,,,0,94,,648,69,,,0,90,,649,69,,,0,88,,650,69,,,0,53,,651,69,,,0,162,,652,69,,,0,92,,653,69,,,0,48,,654,69,,,0,90,,636,69,,,0,92,,637,69,,,0,92,,638,69,,,0,90,,639,69,,,0,89,,640,69,,,0,202,,642,69,,,0,125,,643,69,,,0,123,,644,69,,,0,165,,645,69,,,0
2132000,'cal11-sat-1',609,,655,69,,,0,43,,656,69,,,0,82,,667,69,,,0,85,,671,69,,,0,85,,672,69,,,0,45,,673,69,,,0,88,,674,69,0,5 6,0,168,,675,69,0,5 6,0,44,,676,69,,,0,86,,677,69,,,0,84,,657,69,,,0,86,,658,69,,,0,47,,659,69,,,0,84,,660,69,,,0,85,,661,69,,,0,85,,662,69,,,0,38,,663,69,0,5 6,0,202,,665,69,,,0,170,,666,69,,,0,128,,668,69,,,0,160,,669,69,,,0
2132000,'cal12-fri',604,,678,69,,,0,43,,679,69,,,0,82,,690,69,,,0,94,,696,69,,,0,90,,697,69,,,0,88,,698,69,,,0,53,,699,69,,,0,162,,700,69,,,0,92,,701,69,,,0,48,,702,69,,,0,90,,680,69,,,0,92,,681,69,,,0,92,,682,69,,,0,90,,683,69,,,0,89,,684,69,,,0,35,,685,69,,,0,167,,686,69,,,0,35,,687,69,,,0,90,,688,69,,,0,80,,689,69,,,0,43,,691,69,,,0,85,,692,69,,,0,80,,693,69,,,0
2132000,'cal13-sat',609,,703,69,,,0,43,,704,69,,,0,82,,715,69,,,0,85,,723,69,,,0,85,,724,69,,,0,45,,725,69,,,0,88,,726,69,0,5 6,0,168,,727,69,0,5 6,0,44,,728,69,,,0,86,,729,69,,,0,84,,705,69,,,0,86,,706,69,,,0,47,,707,69,,,0,84,,708,69,,,0,85,,709,69,,,0,85,,710,69,,,0,38,,711,69,0,5 6,0,87,,712,69,0,5 6,0,115,,713,69,,,0,85,,714,69,,,0,85,,716,69,,,0,85,,717,69,,,0,43,,718,69,,,0,75,,719,69,,,0,85,,720,69,,,0
2132000,'cal2-fri',604,,730,69,,,0,43,,731,69,,,0,82,,742,69,,,0,94,,746,69,,,0,90,,747,69,,,0,88,,748,69,,,0,53,,749,69,,,0,162,,750,69,,,0,92,,751,69,,,0,48,,752,69,,,0,90,,732,69,,,0,92,,733,69,,,0,92,,734,69,,,0,90,,735,69,,,0,89,,736,69,,,0,35,,737,69,,,0,167,,738,69,,,0,35,,739,69,,,0,90,,740,69,,,0,123,,743,69,,,0,165,,744,69,,,0
2132000,'cal3-sat',609,,753,69,,,0,43,,754,69,,,0,82,,765,69,,,0,85,,771,69,,,0,85,,772,69,,,0,45,,773,69,,,0,88,,774,69,0,5 6,0,168,,775,69,0,5 6,0,44,,776,69,,,0,86,,777,69,,,0,84,,755,69,,,0,86,,756,69,,,0,47,,757,69,,,0,84,,758,69,,,0,85,,759,69,,,0,85,,760,69,,,0,38,,761,69,0,5 6,0,87,,762,69,,,0,115,,763,69,,,0,85,,764,69,,,0,85,,766,69,,,0,128,,768,69,,,0,160,,769,69,,,0
2132000,'cal4-sun-3',609,,778,69,,,0,43,,779,69,,,0,82,,790,69,,,0,85,,793,69,,,0,85,,794,69,,,0,45,,795,69,,,0,88,,796,69,0,5 6,0,168,,797,69,0,5 6,0,44,,798,69,,,0,86,,799,69,,,0,84,,780,69,,,0,86,,781,69,,,0,47,,782,69,,,0,84,,783,69,,,0,85,,784,69,,,0,85,,785,69,,,0,38,,786,69,0,5 6,0,202,,788,69,,,0,170,,789,69,,,0,128,,791,69,,,0
2132000,'cal5-sat',609,,800,69,,,0,43,,801,69,,,0,82,,812,69,,,0,85,,823,69,,,0,85,,824,69,,,0,45,,825,69,,,0,88,,826,69,0,5 6,0,64,,827,69,,,0,104,,828,69,0,5 6,0,19,,829,69,,,0,25,,802,69,,,0,86,,803,69,,,0,14,,804,69,,,0,70,,805,69,,,0,86,,806,69,,,0,47,,807,69,,,0,55,,808,69,,,0,29,,809,69,,,0,85,,810,69,,,0,15,,811,69,,,0,70,,813,69,,,0,38,,814,69,0,5 6,0,87,,815,69,,,0,115,,816,69,,,0,85,,817,69,,,0,85,,818,69,,,0,128,,820,69,,,0,160,,821,69,,,0
2132000,'cal6-sun',609,,830,69,,,0,43,,831,69,,,0,82,,842,69,,,0,85,,850,69,,,0,85,,851,69,,,0,45,,852,69,,,0,88,,853,69,0,5 6,0,64,,854,69,,,0,104,,855,69,0,5 6,0,19,,856,69,,,0,25,,832,69,,,0,86,,833,69,,,0,14,,834,69,,,0,70,,835,69,,,0,86,,836,69,,,0,47,,837,69,,,0,55,,838,69,,,0,29,,839,69,,,0,85,,840,69,,,0,15,,841,69,,,0,70,,843,69,,,0,38,,844,69,0,5 6,0,202,,846,69,,,0,170,,847,69,,,0,128,,848,69,,,0
2132000,'cal7-sat',609,,857,69,,,0,43,,858,69,,,0,82,,869,69,,,0,85,,880,69,,,0,85,,883,69,,,0,45,,884,69,,,0,88,,885,69,0,5 6,0,64,,886,69,,,0,104,,887,69,0,5 6,0,19,,888,69,,,0,25,,859,69,,,0,86,,860,69,,,0,14,,861,69,,,0,70,,862,69,,,0,86,,863,69,,,0,47,,864,69,,,0,55,,865,69,,,0,29,,866,69,,,0,85,,867,69,,,0,15,,868,69,,,0,70,,870,69,,,0,38,,871,69,0,5 6,0,58,,872,69,,,0,29,,873,69,,,0,115,,875,69,,,0,85,,876,69,,,0,85,,877,69,,,0,128,,879,69,,,0,160,,881,69,,,0
2132000,'cal8-sun',609,,889,69,,,0,43,,890,69,,,0,82,,901,69,,,0,85,,912,69,,,0,85,,914,69,,,0,45,,915,69,,,0,88,,916,69,0,5 6,0,64,,917,69,,,0,104,,918,69,0,5 6,0,19,,919,69,,,0,25,,891,69,,,0,86,,892,69,,,0,14,,893,69,,,0,70,,894,69,,,0,86,,895,69,,,0,47,,896,69,,,0,55,,897,69,,,0,29,,898,69,,,0,85,,899,69,,,0,15,,900,69,,,0,70,,902,69,,,0,38,,903,69,0,5 6,0,58,,904,69,,,0,29,,905,69,,,0,115,,907,69,,,0,85,,908,69,,,0,85,,909,69,,,0,128,,911,69,,,0
2132000,'cal9-mon',604,,920,69,,,0,43,,921,69,,,0,82,,932,69,,,0,94,,939,69,,,0,90,,940,69,,,0,88,,941,69,,,0,53,,942,69,,,0,162,,943,69,,,0,21,,944,69,,,0,71,,945,69,,,0,48,,922,69,,,0,55,,923,69,,,0,35,,924,69,,,0,92,,925,69,,,0,77,,926,69,,,0,15,,927,69,,,0,90,,928,69,,,0,29,,929,69,,,0,60,,930,69,,,0,202,,933,69,,,0,125,,934,69,,,0,123,,935,69,,,0,165,,936,69,,,0
