2132000,'cal1-mon-tue-wed-thu-1',614,,614,79,,,0,43,,615,79,,,0,82,,626,79,,,0,94,,627,79,,,0,90,,628,79,,,0,88,,629,79,,,0,93,,630,79,,,0,122,,631,79,,,0,92,,632,79,,,0,88,,633,79,,,0,50,,616,79,,,0,92,,617,79,,,0,92,,618,79,,,0,90,,619,79,,,0,89,,620,79,,,0,201,,622,79,,,0,125,,623,79,,,0,163,,624,79,,,0
2132000,'cal10-fri-1',614,,634,79,,,0,43,,635,79,,,0,82,,646,79,,,0,94,,648,79,,,0,90,,649,79,,,0,88,,650,79,,,0,93,,651,79,,,0,122,,652,79,,,0,92,,653,79,,,0,88,,654,79,,,0,50,,636,79,,,0,92,,637,79,,,0,92,,638,79,,,0,90,,639,79,,,0,89,,640,79,,,0,201,,642,79,,,0,125,,643,79,,,0,163,,644,79,,,0,125,,645,79,,,0
2132000,'cal11-sat-1',619,,655,79,,,0,83,,656,79,,,0,42,,667,79,,,0,85,,671,79,,,0,85,,672,79,,,0,45,,673,79,,,0,88,,674,79,0,5 6,0,168,,675,79,0,5 6,0,44,,676,79,,,0,86,,677,79,,,0,84,,657,79,,,0,86,,658,79,,,0,87,,659,79,,,0,44,,660,79,,,0,85,,661,79,,,0,85,,662,79,,,0,38,,663,79,0,5 6,0,201,,665,79,,,0,170,,666,79,,,0,128,,668,79,,,0,160,,669,79,,,0
2132000,'cal12-fri',614,,678,79,,,0,43,,679,79,,,0,82,,690,79,,,0,94,,696,79,,,0,90,,697,79,,,0,88,,698,79,,,0,93,,699,79,,,0,122,,700,79,,,0,92,,701,79,,,0,88,,702,79,,,0,50,,680,79,,,0,92,,681,79,,,0,92,,682,79,,,0,90,,683,79,,,0,89,,684,79,,,0,35,,685,79,,,0,166,,686,79,,,0,35,,687,79,,,0,90,,688,79,,,0,80,,689,79,,,0,83,,691,79,,,0,45,,692,79,,,0,80,,693,79,,,0
2132000,'cal13-sat',619,,703,79,,,0,83,,704,79,,,0,42,,715,79,,,0,85,,723,79,,,0,85,,724,79,,,0,45,,725,79,,,0,88,,726,79,0,5 6,0,168,,727,79,0,5 6,0,44,,728,79,,,0,86,,729,79,,,0,84,,705,79,,,0,86,,706,79,,,0,87,,707,79,,,0,44,,708,79,,,0,85,,709,79,,,0,85,,710,79,,,0,38,,711,79,0,5 6,0,86,,712,79,0,5 6,0,115,,713,79,,,0,85,,714,79,,,0,85,,716,79,,,0,85,,717,79,,,0,43,,718,79,,,0,75,,719,79,,,0,85,,720,79,,,0
2132000,'cal2-fri',614,,730,79,,,0,43,,731,79,,,0,82,,742,79,,,0,94,,746,79,,,0,90,,747,79,,,0,88,,748,79,,,0,93,,749,79,,,0,122,,750,79,,,0,92,,751,79,,,0,88,,752,79,,,0,50,,732,79,,,0,92,,733,79,,,0,92,,734,79,,,0,90,,735,79,,,0,89,,736,79,,,0,35,,737,79,,,0,166,,738,79,,,0,35,,739,79,,,0,90,,740,79,,,0,163,,743,79,,,0,125,,744,79,,,0
2132000,'cal3-sat',619,,753,79,,,0,83,,754,79,,,0,42,,765,79,,,0,85,,771,79,,,0,85,,772,79,,,0,45,,773,79,,,0,88,,774,79,0,5 6,0,168,,775,79,0,5 6,0,44,,776,79,,,0,86,,777,79,,,0,84,,755,79,,,0,86,,756,79,,,0,87,,757,79,,,0,44,,758,79,,,0,85,,759,79,,,0,85,,760,79,,,0,38,,761,79,0,5 6,0,86,,762,79,,,0,115,,763,79,,,0,85,,764,79,,,0,85,,766,79,,,0,128,,768,79,,,0,160,,769,79,,,0
2132000,'cal4-sun-3',619,,778,79,,,0,83,,779,79,,,0,42,,790,79,,,0,85,,793,79,,,0,85,,794,79,,,0,45,,795,79,,,0,88,,796,79,0,5 6,0,168,,797,79,0,5 6,0,44,,798,79,,,0,86,,799,79,,,0,84,,780,79,,,0,86,,781,79,,,0,87,,782,79,,,0,44,,783,79,,,0,85,,784,79,,,0,85,,785,79,,,0,38,,786,79,0,5 6,0,201,,788,79,,,0,170,,789,79,,,0,128,,791,79,,,0
2132000,'cal5-sat',619,,800,79,,,0,83,,801,79,,,0,42,,812,79,,,0,85,,823,79,,,0,85,,824,79,,,0,45,,825,79,,,0,88,,826,79,0,5 6,0,64,,827,79,,,0,104,,828,79,0,5 6,0,19,,829,79,,,0,25,,802,79,,,0,86,,803,79,,,0,14,,804,79,,,0,70,,805,79,,,0,86,,806,79,,,0,87,,807,79,,,0,15,,808,79,,,0,29,,809,79,,,0,85,,810,79,,,0,15,,811,79,,,0,70,,813,79,,,0,38,,814,79,0,5 6,0,86,,815,79,,,0,115,,816,79,,,0,85,,817,79,,,0,85,,818,79,,,0,128,,820,79,,,0,160,,821,79,,,0
2132000,'cal6-sun',619,,830,79,,,0,83,,831,79,,,0,42,,842,79,,,0,85,,850,79,,,0,85,,851,79,,,0,45,,852,79,,,0,88,,853,79,0,5 6,0,64,,854,79,,,0,104,,855,79,0,5 6,0,19,,856,79,,,0,25,,832,79,,,0,86,,833,79,,,0,14,,834,79,,,0,70,,835,79,,,0,86,,836,79,,,0,87,,837,79,,,0,15,,838,79,,,0,29,,839,79,,,0,85,,840,79,,,0,15,,841,79,,,0,70,,843,79,,,0,38,,844,79,0,5 6,0,201,,846,79,,,0,170,,847,79,,,0,128,,848,79,,,0
2132000,'cal7-sat',619,,857,79,,,0,83,,858,79,,,0,42,,869,79,,,0,85,,880,79,,,0,85,,883,79,,,0,45,,884,79,,,0,88,,885,79,0,5 6,0,64,,886,79,,,0,104,,887,79,0,5 6,0,19,,888,79,,,0,25,,859,79,,,0,86,,860,79,,,0,14,,861,79,,,0,70,,862,79,,,0,86,,863,79,,,0,87,,864,79,,,0,15,,865,79,,,0,29,,866,79,,,0,85,,867,79,,,0,15,,868,79,,,0,70,,870,79,,,0,38,,871,79,0,5 6,0,57,,872,79,,,0,29,,873,79,,,0,115,,875,79,,,0,85,,876,79,,,0,85,,877,79,,,0,128,,879,79,,,0,160,,881,79,,,0
2132000,'cal8-sun',619,,889,79,,,0,83,,890,79,,,0,42,,901,79,,,0,85,,912,79,,,0,85,,914,79,,,0,45,,915,79,,,0,88,,916,79,0,5 6,0,64,,917,79,,,0,104,,918,79,0,5 6,0,19,,919,79,,,0,25,,891,79,,,0,86,,892,79,,,0,14,,893,79,,,0,70,,894,79,,,0,86,,895,79,,,0,87,,896,79,,,0,15,,897,79,,,0,29,,898,79,,,0,85,,899,79,,,0,15,,900,79,,,0,70,,902,79,,,0,38,,903,79,0,5 6,0,57,,904,79,,,0,29,,905,79,,,0,115,,907,79,,,0,85,,908,79,,,0,85,,909,79,,,0,128,,911,79,,,0
2132000,'cal9-mon',614,,920,79,,,0,43,,921,79,,,0,82,,932,79,,,0,94,,939,79,,,0,90,,940,79,,,0,88,,941,79,,,0,93,,942,79,,,0,122,,943,79,,,0,21,,944,79,,,0,71,,945,79,,,0,88,,922,79,,,0,15,,923,79,,,0,35,,924,79,,,0,92,,925,79,,,0,77,,926,79,,,0,15,,927,79,,,0,90,,928,79,,,0,29,,929,79,,,0,60,,930,79,,,0,201,,933,79,,,0,125,,934,79,,,0,163,,935,79,,,0,125,,936,79,,,0
