2132000,'cal1-mon-tue-wed-thu-1',556,,614,60,,,0,83,,615,60,,,0,82,,626,60,,,0,94,,627,60,,,0,90,,628,60,,,0,48,,629,60,,,0,93,,630,60,,,0,163,,631,60,,,0,92,,632,60,,,0,48,,633,60,,,0,90,,616,60,,,0,92,,617,60,,,0,92,,618,60,,,0,90,,619,60,,,0,89,,620,60,,,0,202,,622,60,,,0,125,,623,60,,,0,123,,624,60,,,0
2132000,'cal10-fri-1',556,,634,60,,,0,83,,635,60,,,0,82,,646,60,,,0,94,,648,60,,,0,90,,649,60,,,0,48,,650,60,,,0,93,,651,60,,,0,163,,652,60,,,0,92,,653,60,,,0,48,,654,60,,,0,90,,636,60,,,0,92,,637,60,,,0,92,,638,60,,,0,90,,639,60,,,0,89,,640,60,,,0,202,,642,60,,,0,125,,643,60,,,0,123,,644,60,,,0,165,,645,60,,,0
2132000,'cal11-sat-1',601,,655,60,,,0,43,,656,60,,,0,82,,667,60,,,0,85,,671,60,,,0,45,,672,60,,,0,85,,673,60,,,0,88,,674,60,0,5 6,0,129,,675,60,0,5 6,0,84,,676,60,,,0,86,,677,60,,,0,84,,657,60,,,0,46,,658,60,,,0,87,,659,60,,,0,84,,660,60,,,0,85,,661,60,,,0,45,,662,60,,,0,78,,663,60,0,5 6,0,202,,665,60,,,0,170,,666,60,,,0,128,,668,60,,,0,120,,669,60,,,0
2132000,'cal12-fri',556,,678,60,,,0,83,,679,60,,,0,82,,690,60,,,0,94,,696,60,,,0,90,,697,60,,,0,48,,698,60,,,0,93,,699,60,,,0,163,,700,60,,,0,92,,701,60,,,0,48,,702,60,,,0,90,,680,60,,,0,92,,681,60,,,0,92,,682,60,,,0,90,,683,60,,,0,89,,684,60,,,0,35,,685,60,,,0,167,,686,60,,,0,35,,687,60,,,0,90,,688,60,,,0,80,,689,60,,,0,43,,691,60,,,0,85,,692,60,,,0,80,,693,60,,,0
2132000,'cal13-sat',601,,703,60,,,0,43,,704,60,,,0,82,,715,60,,,0,85,,723,60,,,0,45,,724,60,,,0,85,,725,60,,,0,88,,726,60,0,5 6,0,129,,727,60,0,5 6,0,84,,728,60,,,0,86,,729,60,,,0,84,,705,60,,,0,46,,706,60,,,0,87,,707,60,,,0,84,,708,60,,,0,85,,709,60,,,0,45,,710,60,,,0,78,,711,60,0,5 6,0,87,,712,60,0,5 6,0,115,,713,60,,,0,85,,714,60,,,0,85,,716,60,,,0,45,,717,60,,,0,83,,718,60,,,0,75,,719,60,,,0,45,,720,60,,,0
2132000,'cal2-fri',556,,730,60,,,0,83,,731,60,,,0,82,,742,60,,,0,94,,746,60,,,0,90,,747,60,,,0,48,,748,60,,,0,93,,749,60,,,0,163,,750,60,,,0,92,,751,60,,,0,48,,752,60,,,0,90,,732,60,,,0,92,,733,60,,,0,92,,734,60,,,0,90,,735,60,,,0,89,,736,60,,,0,35,,737,60,,,0,167,,738,60,,,0,35,,739,60,,,0,90,,740,60,,,0,123,,743,60,,,0,165,,744,60,,,0
2132000,'cal3-sat',601,,753,60,,,0,43,,754,60,,,0,82,,765,60,,,0,85,,771,60,,,0,45,,772,60,,,0,85,,773,60,,,0,88,,774,60,0,5 6,0,129,,775,60,0,5 6,0,84,,776,60,,,0,86,,777,60,,,0,84,,755,60,,,0,46,,756,60,,,0,87,,757,60,,,0,84,,758,60,,,0,85,,759,60,,,0,45,,760,60,,,0,78,,761,60,0,5 6,0,87,,762,60,,,0,115,,763,60,,,0,85,,764,60,,,0,85,,766,60,,,0,128,,768,60,,,0,120,,769,60,,,0
2132000,'cal4-sun-3',601,,778,60,,,0,43,,779,60,,,0,82,,790,60,,,0,85,,793,60,,,0,45,,794,60,,,0,85,,795,60,,,0,88,,796,60,0,5 6,0,129,,797,60,0,5 6,0,84,,798,60,,,0,86,,799,60,,,0,84,,780,60,,,0,46,,781,60,,,0,87,,782,60,,,0,84,,783,60,,,0,85,,784,60,,,0,45,,785,60,,,0,78,,786,60,0,5 6,0,202,,788,60,,,0,170,,789,60,,,0,128,,791,60,,,0
2132000,'cal5-sat',601,,800,60,,,0,43,,801,60,,,0,82,,812,60,,,0,85,,823,60,,,0,45,,824,60,,,0,85,,825,60,,,0,88,,826,60,0,5 6,0,24,,827,60,,,0,105,,828,60,0,5 6,0,59,,829,60,,,0,25,,802,60,,,0,86,,803,60,,,0,14,,804,60,,,0,70,,805,60,,,0,46,,806,60,,,0,87,,807,60,,,0,55,,808,60,,,0,29,,809,60,,,0,85,,810,60,,,0,15,,811,60,,,0,30,,813,60,,,0,78,,814,60,0,5 6,0,87,,815,60,,,0,115,,816,60,,,0,85,,817,60,,,0,85,,818,60,,,0,128,,820,60,,,0,120,,821,60,,,0
2132000,'cal6-sun',601,,830,60,,,0,43,,831,60,,,0,82,,842,60,,,0,85,,850,60,,,0,45,,851,60,,,0,85,,852,60,,,0,88,,853,60,0,5 6,0,24,,854,60,,,0,105,,855,60,0,5 6,0,59,,856,60,,,0,25,,832,60,,,0,86,,833,60,,,0,14,,834,60,,,0,70,,835,60,,,0,46,,836,60,,,0,87,,837,60,,,0,55,,838,60,,,0,29,,839,60,,,0,85,,840,60,,,0,15,,841,60,,,0,30,,843,60,,,0,78,,844,60,0,5 6,0,202,,846,60,,,0,170,,847,60,,,0,128,,848,60,,,0
2132000,'cal7-sat',601,,857,60,,,0,43,,858,60,,,0,82,,869,60,,,0,85,,880,60,,,0,45,,883,60,,,0,85,,884,60,,,0,88,,885,60,0,5 6,0,24,,886,60,,,0,105,,887,60,0,5 6,0,59,,888,60,,,0,25,,859,60,,,0,86,,860,60,,,0,14,,861,60,,,0,70,,862,60,,,0,46,,863,60,,,0,87,,864,60,,,0,55,,865,60,,,0,29,,866,60,,,0,85,,867,60,,,0,15,,868,60,,,0,30,,870,60,,,0,78,,871,60,0,5 6,0,18,,872,60,,,0,69,,873,60,,,0,115,,875,60,,,0,85,,876,60,,,0,85,,877,60,,,0,128,,879,60,,,0,120,,881,60,,,0
2132000,'cal8-sun',601,,889,60,,,0,43,,890,60,,,0,82,,901,60,,,0,85,,912,60,,,0,45,,914,60,,,0,85,,915,60,,,0,88,,916,60,0,5 6,0,24,,917,60,,,0,105,,918,60,0,5 6,0,59,,919,60,,,0,25,,891,60,,,0,86,,892,60,,,0,14,,893,60,,,0,70,,894,60,,,0,46,,895,60,,,0,87,,896,60,,,0,55,,897,60,,,0,29,,898,60,,,0,85,,899,60,,,0,15,,900,60,,,0,30,,902,60,,,0,78,,903,60,0,5 6,0,18,,904,60,,,0,69,,905,60,,,0,115,,907,60,,,0,85,,908,60,,,0,85,,909,60,,,0,128,,911,60,,,0
2132000,'cal9-mon',556,,920,60,,,0,83,,921,60,,,0,82,,932,60,,,0,94,,939,60,,,0,90,,940,60,,,0,48,,941,60,,,0,93,,942,60,,,0,163,,943,60,,,0,21,,944,60,,,0,71,,945,60,,,0,48,,922,60,,,0,55,,923,60,,,0,35,,924,60,,,0,92,,925,60,,,0,77,,926,60,,,0,15,,927,60,,,0,90,,928,60,,,0,29,,929,60,,,0,60,,930,60,,,0,202,,933,60,,,0,125,,934,60,,,0,123,,935,60,,,0,165,,936,60,,,0
