2132000,'cal1-mon-tue-wed-thu-1',631,,626,8,,,0,85,,627,8,,,0,90,,628,8,,,0,50,,629,8,,,0,90,,630,8,,,0,165,,631,8,,,0,90,,632,8,,,0,50,,633,8,,,0,90,,616,8,,,0,90,,617,8,,,0,91,,618,8,,,0,90,,619,8,,,0,90,,620,8,,,0,45,,621,8,,,0,169,,622,8,,,0,125,,623,8,,,0,165,,624,8,,,0,125,,625,8,0,5 6,0
2132000,'cal10-fri-1',631,,646,8,,,0,85,,648,8,,,0,90,,649,8,,,0,50,,650,8,,,0,90,,651,8,,,0,165,,652,8,,,0,90,,653,8,,,0,50,,654,8,,,0,90,,636,8,,,0,90,,637,8,,,0,91,,638,8,,,0,90,,639,8,,,0,90,,640,8,,,0,45,,641,8,,,0,169,,642,8,,,0,125,,643,8,,,0,165,,644,8,,,0,125,,645,8,,,0,120,,647,8,0,5 6,0
2132000,'cal11-sat-1',636,,667,8,,,0,85,,671,8,,,0,85,,672,8,,,0,45,,673,8,,,0,85,,674,8,0,5 6,0,170,,675,8,0,5 6,0,45,,676,8,,,0,85,,677,8,,,0,85,,657,8,,,0,85,,658,8,,,0,45,,659,8,,,0,86,,660,8,,,0,85,,661,8,,,0,85,,662,8,,,0,40,,663,8,0,5 6,0,89,,664,8,0,5 6,0,115,,665,8,,,0,170,,666,8,,,0,130,,668,8,,,0,160,,669,8,,,0,120,,670,8,0,5 6,0
2132000,'cal12-fri',631,,690,8,,,0,85,,696,8,,,0,90,,697,8,,,0,50,,698,8,,,0,90,,699,8,,,0,165,,700,8,,,0,90,,701,8,,,0,50,,702,8,,,0,90,,680,8,,,0,90,,681,8,,,0,91,,682,8,,,0,90,,683,8,,,0,90,,684,8,,,0,45,,685,8,,,0,169,,686,8,,,0,35,,687,8,,,0,90,,688,8,,,0,80,,689,8,,,0,85,,691,8,,,0,45,,692,8,,,0,80,,693,8,,,0,80,,694,8,,,0,40,,695,8,0,5 6,0
2132000,'cal13-sat',636,,715,8,,,0,85,,723,8,,,0,85,,724,8,,,0,45,,725,8,,,0,85,,726,8,0,5 6,0,170,,727,8,0,5 6,0,45,,728,8,,,0,85,,729,8,,,0,85,,705,8,,,0,85,,706,8,,,0,45,,707,8,,,0,86,,708,8,,,0,85,,709,8,,,0,85,,710,8,,,0,40,,711,8,0,5 6,0,89,,712,8,0,5 6,0,115,,713,8,,,0,85,,714,8,,,0,85,,716,8,,,0,85,,717,8,,,0,45,,718,8,,,0,75,,719,8,,,0,85,,720,8,,,0,40,,721,8,0,5 6,0,80,,722,8,0,5 6,0
2132000,'cal2-fri',631,,742,8,,,0,85,,746,8,,,0,90,,747,8,,,0,50,,748,8,,,0,90,,749,8,,,0,165,,750,8,,,0,90,,751,8,,,0,50,,752,8,,,0,90,,732,8,,,0,90,,733,8,,,0,91,,734,8,,,0,90,,735,8,,,0,90,,736,8,,,0,45,,737,8,,,0,169,,738,8,,,0,35,,739,8,,,0,90,,740,8,,,0,80,,741,8,,,0,85,,743,8,,,0,125,,744,8,,,0,120,,745,8,0,5 6,0
2132000,'cal3-sat',636,,765,8,,,0,85,,771,8,,,0,85,,772,8,,,0,45,,773,8,,,0,85,,774,8,0,5 6,0,170,,775,8,0,5 6,0,45,,776,8,,,0,85,,777,8,,,0,85,,755,8,,,0,85,,756,8,,,0,45,,757,8,,,0,86,,758,8,,,0,85,,759,8,,,0,85,,760,8,,,0,40,,761,8,0,5 6,0,89,,762,8,,,0,115,,763,8,,,0,85,,764,8,,,0,85,,766,8,,,0,85,,767,8,0,5 6,0,45,,768,8,,,0,160,,769,8,,,0,120,,770,8,0,5 6,0
2132000,'cal4-sun-3',636,,790,8,,,0,85,,793,8,,,0,85,,794,8,,,0,45,,795,8,,,0,85,,796,8,0,5 6,0,170,,797,8,0,5 6,0,45,,798,8,,,0,85,,799,8,,,0,85,,780,8,,,0,85,,781,8,,,0,45,,782,8,,,0,86,,783,8,,,0,85,,784,8,,,0,85,,785,8,,,0,40,,786,8,0,5 6,0,89,,787,8,0,5 6,0,115,,788,8,,,0,170,,789,8,,,0,130,,791,8,,,0,160,,792,8,0,5 6,0
2132000,'cal5-sat',636,,812,8,,,0,85,,823,8,,,0,85,,824,8,,,0,45,,825,8,,,0,85,,826,8,0,5 6,0,170,,828,8,0,5 6,0,20,,829,8,,,0,25,,802,8,,,0,85,,803,8,,,0,15,,804,8,,,0,70,,805,8,,,0,85,,806,8,,,0,45,,807,8,,,0,56,,808,8,,,0,30,,809,8,,,0,85,,810,8,,,0,15,,811,8,,,0,70,,813,8,,,0,40,,814,8,0,5 6,0,89,,815,8,,,0,115,,816,8,,,0,85,,817,8,,,0,85,,818,8,,,0,85,,819,8,0,5 6,0,45,,820,8,,,0,160,,821,8,,,0,120,,822,8,0,5 6,0
2132000,'cal6-sun',636,,842,8,,,0,85,,850,8,,,0,85,,851,8,,,0,45,,852,8,,,0,85,,853,8,0,5 6,0,170,,855,8,0,5 6,0,20,,856,8,,,0,25,,832,8,,,0,85,,833,8,,,0,15,,834,8,,,0,70,,835,8,,,0,85,,836,8,,,0,45,,837,8,,,0,56,,838,8,,,0,30,,839,8,,,0,85,,840,8,,,0,15,,841,8,,,0,70,,843,8,,,0,40,,844,8,0,5 6,0,89,,845,8,,,0,115,,846,8,,,0,170,,847,8,,,0,130,,848,8,,,0,160,,849,8,0,5 6,0
2132000,'cal7-sat',636,,869,8,,,0,85,,880,8,,,0,85,,883,8,,,0,45,,884,8,,,0,85,,885,8,0,5 6,0,170,,887,8,0,5 6,0,20,,888,8,,,0,25,,859,8,,,0,85,,860,8,,,0,15,,861,8,,,0,70,,862,8,,,0,85,,863,8,,,0,45,,864,8,,,0,56,,865,8,,,0,30,,866,8,,,0,85,,867,8,,,0,15,,868,8,,,0,70,,870,8,,,0,40,,871,8,0,5 6,0,60,,872,8,,,0,29,,873,8,,,0,91,,874,8,,,0,24,,875,8,,,0,85,,876,8,,,0,85,,877,8,,,0,85,,878,8,0,5 6,0,45,,879,8,,,0,160,,881,8,,,0,120,,882,8,0,5 6,0
2132000,'cal8-sun',636,,901,8,,,0,85,,912,8,,,0,85,,914,8,,,0,45,,915,8,,,0,85,,916,8,0,5 6,0,170,,918,8,0,5 6,0,20,,919,8,,,0,25,,891,8,,,0,85,,892,8,,,0,15,,893,8,,,0,70,,894,8,,,0,85,,895,8,,,0,45,,896,8,,,0,56,,897,8,,,0,30,,898,8,,,0,85,,899,8,,,0,15,,900,8,,,0,70,,902,8,,,0,40,,903,8,0,5 6,0,60,,904,8,,,0,29,,905,8,,,0,91,,906,8,,,0,24,,907,8,,,0,85,,908,8,,,0,85,,909,8,,,0,85,,910,8,0,5 6,0,45,,911,8,,,0,160,,913,8,0,5 6,0
2132000,'cal9-mon',631,,932,8,,,0,85,,939,8,,,0,90,,940,8,,,0,50,,941,8,,,0,90,,942,8,,,0,165,,943,8,,,0,90,,945,8,,,0,50,,922,8,,,0,55,,923,8,,,0,35,,924,8,,,0,90,,925,8,,,0,76,,926,8,,,0,15,,927,8,,,0,90,,928,8,,,0,30,,929,8,,,0,60,,930,8,,,0,45,,931,8,,,0,169,,933,8,,,0,125,,934,8,,,0,165,,935,8,,,0,125,,937,8,0,5 6,0,120,,938,8,0,5 6,0
