2132000,'cal1-mon-tue-wed-thu-1',533,,614,38,,,0,83,,615,38,,,0,42,,626,38,,,0,85,,627,38,,,0,90,,628,38,,,0,90,,629,38,,,0,93,,630,38,,,0,123,,631,38,,,0,92,,632,38,,,0,88,,633,38,,,0,90,,616,38,,,0,91,,617,38,,,0,51,,618,38,,,0,90,,619,38,,,0,90,,620,38,,,0,84,,621,38,,,0,127,,622,38,,,0,165,,623,38,,,0,125,,624,38,,,0,125,,625,38,0,5 6,0
2132000,'cal10-fri-1',533,,634,38,,,0,83,,635,38,,,0,42,,646,38,,,0,85,,648,38,,,0,90,,649,38,,,0,90,,650,38,,,0,93,,651,38,,,0,123,,652,38,,,0,92,,653,38,,,0,88,,654,38,,,0,90,,636,38,,,0,91,,637,38,,,0,51,,638,38,,,0,90,,639,38,,,0,90,,640,38,,,0,84,,641,38,,,0,127,,642,38,,,0,165,,643,38,,,0,125,,644,38,,,0,125,,645,38,,,0,160,,647,38,0,5 6,0
2132000,'cal11-sat-1',538,,655,38,,,0,83,,656,38,,,0,82,,667,38,,,0,45,,671,38,,,0,85,,672,38,,,0,85,,673,38,,,0,88,,674,38,0,5 6,0,129,,675,38,0,5 6,0,84,,676,38,,,0,86,,677,38,,,0,44,,657,38,,,0,86,,658,38,,,0,85,,659,38,,,0,86,,660,38,,,0,45,,661,38,,,0,85,,662,38,,,0,79,,663,38,0,5 6,0,87,,664,38,0,5 6,0,115,,665,38,,,0,130,,666,38,,,0,170,,668,38,,,0,120,,669,38,,,0,120,,670,38,0,5 6,0
2132000,'cal12-fri',533,,678,38,,,0,83,,679,38,,,0,42,,690,38,,,0,85,,696,38,,,0,90,,697,38,,,0,90,,698,38,,,0,93,,699,38,,,0,123,,700,38,,,0,92,,701,38,,,0,88,,702,38,,,0,90,,680,38,,,0,91,,681,38,,,0,51,,682,38,,,0,90,,683,38,,,0,90,,684,38,,,0,84,,685,38,,,0,127,,686,38,,,0,75,,687,38,,,0,90,,688,38,,,0,40,,689,38,,,0,85,,691,38,,,0,85,,692,38,,,0,40,,693,38,,,0,80,,694,38,,,0,80,,695,38,0,5 6,0
2132000,'cal13-sat',538,,703,38,,,0,83,,704,38,,,0,82,,715,38,,,0,45,,723,38,,,0,85,,724,38,,,0,85,,725,38,,,0,88,,726,38,0,5 6,0,129,,727,38,0,5 6,0,84,,728,38,,,0,86,,729,38,,,0,44,,705,38,,,0,86,,706,38,,,0,85,,707,38,,,0,86,,708,38,,,0,45,,709,38,,,0,85,,710,38,,,0,79,,711,38,0,5 6,0,87,,712,38,0,5 6,0,115,,713,38,,,0,85,,714,38,,,0,45,,716,38,,,0,85,,717,38,,,0,85,,718,38,,,0,35,,719,38,,,0,85,,720,38,,,0,80,,721,38,0,5 6,0,40,,722,38,0,5 6,0
2132000,'cal2-fri',533,,730,38,,,0,83,,731,38,,,0,42,,742,38,,,0,85,,746,38,,,0,90,,747,38,,,0,90,,748,38,,,0,93,,749,38,,,0,123,,750,38,,,0,92,,751,38,,,0,88,,752,38,,,0,90,,732,38,,,0,91,,733,38,,,0,51,,734,38,,,0,90,,735,38,,,0,90,,736,38,,,0,84,,737,38,,,0,127,,738,38,,,0,75,,739,38,,,0,90,,740,38,,,0,40,,741,38,,,0,85,,743,38,,,0,125,,744,38,,,0,160,,745,38,0,5 6,0
2132000,'cal3-sat',538,,753,38,,,0,83,,754,38,,,0,82,,765,38,,,0,45,,771,38,,,0,85,,772,38,,,0,85,,773,38,,,0,88,,774,38,0,5 6,0,129,,775,38,0,5 6,0,84,,776,38,,,0,86,,777,38,,,0,44,,755,38,,,0,86,,756,38,,,0,85,,757,38,,,0,86,,758,38,,,0,45,,759,38,,,0,85,,760,38,,,0,79,,761,38,0,5 6,0,87,,762,38,,,0,115,,763,38,,,0,85,,764,38,,,0,45,,766,38,,,0,85,,767,38,0,5 6,0,85,,768,38,,,0,120,,769,38,,,0,120,,770,38,0,5 6,0
2132000,'cal4-sun-3',538,,778,38,,,0,83,,779,38,,,0,82,,790,38,,,0,45,,793,38,,,0,85,,794,38,,,0,85,,795,38,,,0,88,,796,38,0,5 6,0,129,,797,38,0,5 6,0,84,,798,38,,,0,86,,799,38,,,0,44,,780,38,,,0,86,,781,38,,,0,85,,782,38,,,0,86,,783,38,,,0,45,,784,38,,,0,85,,785,38,,,0,79,,786,38,0,5 6,0,87,,787,38,0,5 6,0,115,,788,38,,,0,130,,789,38,,,0,170,,791,38,,,0,120,,792,38,0,5 6,0
2132000,'cal5-sat',538,,800,38,,,0,83,,801,38,,,0,82,,812,38,,,0,45,,823,38,,,0,85,,824,38,,,0,85,,825,38,,,0,88,,826,38,0,5 6,0,24,,827,38,,,0,105,,828,38,0,5 6,0,19,,829,38,,,0,65,,802,38,,,0,86,,803,38,,,0,14,,804,38,,,0,30,,805,38,,,0,86,,806,38,,,0,85,,807,38,,,0,16,,808,38,,,0,70,,809,38,,,0,45,,810,38,,,0,55,,811,38,,,0,30,,813,38,,,0,79,,814,38,0,5 6,0,87,,815,38,,,0,115,,816,38,,,0,85,,817,38,,,0,45,,818,38,,,0,85,,819,38,0,5 6,0,85,,820,38,,,0,120,,821,38,,,0,120,,822,38,0,5 6,0
2132000,'cal6-sun',538,,830,38,,,0,83,,831,38,,,0,82,,842,38,,,0,45,,850,38,,,0,85,,851,38,,,0,85,,852,38,,,0,88,,853,38,0,5 6,0,24,,854,38,,,0,105,,855,38,0,5 6,0,19,,856,38,,,0,65,,832,38,,,0,86,,833,38,,,0,14,,834,38,,,0,30,,835,38,,,0,86,,836,38,,,0,85,,837,38,,,0,16,,838,38,,,0,70,,839,38,,,0,45,,840,38,,,0,55,,841,38,,,0,30,,843,38,,,0,79,,844,38,0,5 6,0,87,,845,38,,,0,115,,846,38,,,0,130,,847,38,,,0,170,,848,38,,,0,120,,849,38,0,5 6,0
2132000,'cal7-sat',538,,857,38,,,0,83,,858,38,,,0,82,,869,38,,,0,45,,880,38,,,0,85,,883,38,,,0,85,,884,38,,,0,88,,885,38,0,5 6,0,24,,886,38,,,0,105,,887,38,0,5 6,0,19,,888,38,,,0,65,,859,38,,,0,86,,860,38,,,0,14,,861,38,,,0,30,,862,38,,,0,86,,863,38,,,0,85,,864,38,,,0,16,,865,38,,,0,70,,866,38,,,0,45,,867,38,,,0,55,,868,38,,,0,30,,870,38,,,0,79,,871,38,0,5 6,0,18,,872,38,,,0,69,,873,38,,,0,51,,874,38,,,0,64,,875,38,,,0,85,,876,38,,,0,45,,877,38,,,0,85,,878,38,0,5 6,0,85,,879,38,,,0,120,,881,38,,,0,120,,882,38,0,5 6,0
2132000,'cal8-sun',538,,889,38,,,0,83,,890,38,,,0,82,,901,38,,,0,45,,912,38,,,0,85,,914,38,,,0,85,,915,38,,,0,88,,916,38,0,5 6,0,24,,917,38,,,0,105,,918,38,0,5 6,0,19,,919,38,,,0,65,,891,38,,,0,86,,892,38,,,0,14,,893,38,,,0,30,,894,38,,,0,86,,895,38,,,0,85,,896,38,,,0,16,,897,38,,,0,70,,898,38,,,0,45,,899,38,,,0,55,,900,38,,,0,30,,902,38,,,0,79,,903,38,0,5 6,0,18,,904,38,,,0,69,,905,38,,,0,51,,906,38,,,0,64,,907,38,,,0,85,,908,38,,,0,45,,909,38,,,0,85,,910,38,0,5 6,0,85,,911,38,,,0,120,,913,38,0,5 6,0
2132000,'cal9-mon',533,,920,38,,,0,83,,921,38,,,0,42,,932,38,,,0,85,,939,38,,,0,90,,940,38,,,0,90,,941,38,,,0,93,,942,38,,,0,123,,943,38,,,0,61,,944,38,,,0,31,,945,38,,,0,88,,922,38,,,0,15,,923,38,,,0,75,,924,38,,,0,91,,925,38,,,0,36,,926,38,,,0,15,,927,38,,,0,90,,928,38,,,0,70,,929,38,,,0,20,,930,38,,,0,84,,931,38,,,0,127,,933,38,,,0,165,,934,38,,,0,125,,935,38,,,0,125,,937,38,0,5 6,0,160,,938,38,0,5 6,0
