2132000,'cal1-mon-tue-wed-thu-1',648,,626,29,,,0,85,,627,29,,,0,90,,628,29,,,0,90,,629,29,,,0,91,,630,29,,,0,125,,631,29,,,0,90,,632,29,,,0,90,,633,29,,,0,50,,616,29,,,0,91,,617,29,,,0,91,,618,29,,,0,90,,619,29,,,0,90,,620,29,,,0,85,,621,29,,,0,127,,622,29,,,0,125,,623,29,,,0,165,,624,29,,,0,125,,625,29,0,5 6,0
2132000,'cal10-fri-1',648,,646,29,,,0,85,,648,29,,,0,90,,649,29,,,0,90,,650,29,,,0,91,,651,29,,,0,125,,652,29,,,0,90,,653,29,,,0,90,,654,29,,,0,50,,636,29,,,0,91,,637,29,,,0,91,,638,29,,,0,90,,639,29,,,0,90,,640,29,,,0,85,,641,29,,,0,127,,642,29,,,0,125,,643,29,,,0,165,,644,29,,,0,125,,645,29,,,0,160,,647,29,0,5 6,0
2132000,'cal11-sat-1',653,,667,29,,,0,85,,671,29,,,0,85,,672,29,,,0,85,,673,29,,,0,46,,674,29,0,5 6,0,170,,675,29,0,5 6,0,85,,676,29,,,0,45,,677,29,,,0,85,,657,29,,,0,86,,658,29,,,0,85,,659,29,,,0,46,,660,29,,,0,85,,661,29,,,0,85,,662,29,,,0,80,,663,29,0,5 6,0,47,,664,29,0,5 6,0,155,,665,29,,,0,130,,666,29,,,0,170,,668,29,,,0,120,,669,29,,,0,120,,670,29,0,5 6,0
2132000,'cal12-fri',648,,690,29,,,0,85,,696,29,,,0,90,,697,29,,,0,90,,698,29,,,0,91,,699,29,,,0,125,,700,29,,,0,90,,701,29,,,0,90,,702,29,,,0,50,,680,29,,,0,91,,681,29,,,0,91,,682,29,,,0,90,,683,29,,,0,90,,684,29,,,0,85,,685,29,,,0,127,,686,29,,,0,75,,687,29,,,0,50,,688,29,,,0,80,,689,29,,,0,85,,691,29,,,0,85,,692,29,,,0,40,,693,29,,,0,80,,694,29,,,0,80,,695,29,0,5 6,0
2132000,'cal13-sat',653,,715,29,,,0,85,,723,29,,,0,85,,724,29,,,0,85,,725,29,,,0,46,,726,29,0,5 6,0,170,,727,29,0,5 6,0,85,,728,29,,,0,45,,729,29,,,0,85,,705,29,,,0,86,,706,29,,,0,85,,707,29,,,0,46,,708,29,,,0,85,,709,29,,,0,85,,710,29,,,0,80,,711,29,0,5 6,0,47,,712,29,0,5 6,0,155,,713,29,,,0,45,,714,29,,,0,85,,716,29,,,0,85,,717,29,,,0,85,,718,29,,,0,35,,719,29,,,0,85,,720,29,,,0,80,,721,29,0,5 6,0,40,,722,29,0,5 6,0
2132000,'cal2-fri',648,,742,29,,,0,85,,746,29,,,0,90,,747,29,,,0,90,,748,29,,,0,91,,749,29,,,0,125,,750,29,,,0,90,,751,29,,,0,90,,752,29,,,0,50,,732,29,,,0,91,,733,29,,,0,91,,734,29,,,0,90,,735,29,,,0,90,,736,29,,,0,85,,737,29,,,0,127,,738,29,,,0,75,,739,29,,,0,50,,740,29,,,0,80,,741,29,,,0,85,,743,29,,,0,125,,744,29,,,0,160,,745,29,0,5 6,0
2132000,'cal3-sat',653,,765,29,,,0,85,,771,29,,,0,85,,772,29,,,0,85,,773,29,,,0,46,,774,29,0,5 6,0,170,,775,29,0,5 6,0,85,,776,29,,,0,45,,777,29,,,0,85,,755,29,,,0,86,,756,29,,,0,85,,757,29,,,0,46,,758,29,,,0,85,,759,29,,,0,85,,760,29,,,0,80,,761,29,0,5 6,0,47,,762,29,,,0,155,,763,29,,,0,45,,764,29,,,0,85,,766,29,,,0,85,,767,29,0,5 6,0,85,,768,29,,,0,120,,769,29,,,0,120,,770,29,0,5 6,0
2132000,'cal4-sun-3',653,,790,29,,,0,85,,793,29,,,0,85,,794,29,,,0,85,,795,29,,,0,46,,796,29,0,5 6,0,170,,797,29,0,5 6,0,85,,798,29,,,0,45,,799,29,,,0,85,,780,29,,,0,86,,781,29,,,0,85,,782,29,,,0,46,,783,29,,,0,85,,784,29,,,0,85,,785,29,,,0,80,,786,29,0,5 6,0,47,,787,29,0,5 6,0,155,,788,29,,,0,130,,789,29,,,0,170,,791,29,,,0,120,,792,29,0,5 6,0
2132000,'cal5-sat',653,,812,29,,,0,85,,823,29,,,0,85,,824,29,,,0,85,,825,29,,,0,46,,826,29,0,5 6,0,170,,828,29,0,5 6,0,20,,829,29,,,0,65,,802,29,,,0,45,,803,29,,,0,55,,804,29,,,0,30,,805,29,,,0,86,,806,29,,,0,85,,807,29,,,0,16,,808,29,,,0,30,,809,29,,,0,85,,810,29,,,0,15,,811,29,,,0,70,,813,29,,,0,80,,814,29,0,5 6,0,47,,815,29,,,0,155,,816,29,,,0,45,,817,29,,,0,85,,818,29,,,0,85,,819,29,0,5 6,0,85,,820,29,,,0,120,,821,29,,,0,120,,822,29,0,5 6,0
2132000,'cal6-sun',653,,842,29,,,0,85,,850,29,,,0,85,,851,29,,,0,85,,852,29,,,0,46,,853,29,0,5 6,0,170,,855,29,0,5 6,0,20,,856,29,,,0,65,,832,29,,,0,45,,833,29,,,0,55,,834,29,,,0,30,,835,29,,,0,86,,836,29,,,0,85,,837,29,,,0,16,,838,29,,,0,30,,839,29,,,0,85,,840,29,,,0,15,,841,29,,,0,70,,843,29,,,0,80,,844,29,0,5 6,0,47,,845,29,,,0,155,,846,29,,,0,130,,847,29,,,0,170,,848,29,,,0,120,,849,29,0,5 6,0
2132000,'cal7-sat',653,,869,29,,,0,85,,880,29,,,0,85,,883,29,,,0,85,,884,29,,,0,46,,885,29,0,5 6,0,170,,887,29,0,5 6,0,20,,888,29,,,0,65,,859,29,,,0,45,,860,29,,,0,55,,861,29,,,0,30,,862,29,,,0,86,,863,29,,,0,85,,864,29,,,0,16,,865,29,,,0,30,,866,29,,,0,85,,867,29,,,0,15,,868,29,,,0,70,,870,29,,,0,80,,871,29,0,5 6,0,18,,872,29,,,0,29,,873,29,,,0,91,,874,29,,,0,64,,875,29,,,0,45,,876,29,,,0,85,,877,29,,,0,85,,878,29,0,5 6,0,85,,879,29,,,0,120,,881,29,,,0,120,,882,29,0,5 6,0
2132000,'cal8-sun',653,,901,29,,,0,85,,912,29,,,0,85,,914,29,,,0,85,,915,29,,,0,46,,916,29,0,5 6,0,170,,918,29,0,5 6,0,20,,919,29,,,0,65,,891,29,,,0,45,,892,29,,,0,55,,893,29,,,0,30,,894,29,,,0,86,,895,29,,,0,85,,896,29,,,0,16,,897,29,,,0,30,,898,29,,,0,85,,899,29,,,0,15,,900,29,,,0,70,,902,29,,,0,80,,903,29,0,5 6,0,18,,904,29,,,0,29,,905,29,,,0,91,,906,29,,,0,64,,907,29,,,0,45,,908,29,,,0,85,,909,29,,,0,85,,910,29,0,5 6,0,85,,911,29,,,0,120,,913,29,0,5 6,0
2132000,'cal9-mon',648,,932,29,,,0,85,,939,29,,,0,90,,940,29,,,0,90,,941,29,,,0,91,,942,29,,,0,125,,943,29,,,0,90,,945,29,,,0,90,,922,29,,,0,15,,923,29,,,0,35,,924,29,,,0,91,,925,29,,,0,76,,926,29,,,0,15,,927,29,,,0,90,,928,29,,,0,70,,929,29,,,0,20,,930,29,,,0,85,,931,29,,,0,127,,933,29,,,0,125,,934,29,,,0,165,,935,29,,,0,125,,937,29,0,5 6,0,160,,938,29,0,5 6,0
