2132000,'cal1-mon-tue-wed-thu-1',612,,614,78,,,0,43,,615,78,,,0,82,,626,78,,,0,94,,627,78,,,0,90,,628,78,,,0,88,,629,78,,,0,93,,630,78,,,0,122,,631,78,,,0,92,,632,78,,,0,88,,633,78,,,0,50,,616,78,,,0,92,,617,78,,,0,92,,618,78,,,0,90,,619,78,,,0,89,,620,78,,,0,202,,622,78,,,0,125,,623,78,,,0,163,,624,78,,,0
2132000,'cal10-fri-1',612,,634,78,,,0,43,,635,78,,,0,82,,646,78,,,0,94,,648,78,,,0,90,,649,78,,,0,88,,650,78,,,0,93,,651,78,,,0,122,,652,78,,,0,92,,653,78,,,0,88,,654,78,,,0,50,,636,78,,,0,92,,637,78,,,0,92,,638,78,,,0,90,,639,78,,,0,89,,640,78,,,0,202,,642,78,,,0,125,,643,78,,,0,163,,644,78,,,0,125,,645,78,,,0
2132000,'cal11-sat-1',617,,655,78,,,0,83,,656,78,,,0,42,,667,78,,,0,85,,671,78,,,0,85,,672,78,,,0,45,,673,78,,,0,88,,674,78,0,5 6,0,168,,675,78,0,5 6,0,44,,676,78,,,0,86,,677,78,,,0,84,,657,78,,,0,86,,658,78,,,0,87,,659,78,,,0,44,,660,78,,,0,85,,661,78,,,0,85,,662,78,,,0,38,,663,78,0,5 6,0,202,,665,78,,,0,170,,666,78,,,0,128,,668,78,,,0,160,,669,78,,,0
2132000,'cal12-fri',612,,678,78,,,0,43,,679,78,,,0,82,,690,78,,,0,94,,696,78,,,0,90,,697,78,,,0,88,,698,78,,,0,93,,699,78,,,0,122,,700,78,,,0,92,,701,78,,,0,88,,702,78,,,0,50,,680,78,,,0,92,,681,78,,,0,92,,682,78,,,0,90,,683,78,,,0,89,,684,78,,,0,35,,685,78,,,0,167,,686,78,,,0,35,,687,78,,,0,90,,688,78,,,0,80,,689,78,,,0,83,,691,78,,,0,45,,692,78,,,0,80,,693,78,,,0
2132000,'cal13-sat',617,,703,78,,,0,83,,704,78,,,0,42,,715,78,,,0,85,,723,78,,,0,85,,724,78,,,0,45,,725,78,,,0,88,,726,78,0,5 6,0,168,,727,78,0,5 6,0,44,,728,78,,,0,86,,729,78,,,0,84,,705,78,,,0,86,,706,78,,,0,87,,707,78,,,0,44,,708,78,,,0,85,,709,78,,,0,85,,710,78,,,0,38,,711,78,0,5 6,0,87,,712,78,0,5 6,0,115,,713,78,,,0,85,,714,78,,,0,85,,716,78,,,0,85,,717,78,,,0,43,,718,78,,,0,75,,719,78,,,0,85,,720,78,,,0
2132000,'cal2-fri',612,,730,78,,,0,43,,731,78,,,0,82,,742,78,,,0,94,,746,78,,,0,90,,747,78,,,0,88,,748,78,,,0,93,,749,78,,,0,122,,750,78,,,0,92,,751,78,,,0,88,,752,78,,,0,50,,732,78,,,0,92,,733,78,,,0,92,,734,78,,,0,90,,735,78,,,0,89,,736,78,,,0,35,,737,78,,,0,167,,738,78,,,0,35,,739,78,,,0,90,,740,78,,,0,163,,743,78,,,0,125,,744,78,,,0
2132000,'cal3-sat',617,,753,78,,,0,83,,754,78,,,0,42,,765,78,,,0,85,,771,78,,,0,85,,772,78,,,0,45,,773,78,,,0,88,,774,78,0,5 6,0,168,,775,78,0,5 6,0,44,,776,78,,,0,86,,777,78,,,0,84,,755,78,,,0,86,,756,78,,,0,87,,757,78,,,0,44,,758,78,,,0,85,,759,78,,,0,85,,760,78,,,0,38,,761,78,0,5 6,0,87,,762,78,,,0,115,,763,78,,,0,85,,764,78,,,0,85,,766,78,,,0,128,,768,78,,,0,160,,769,78,,,0
2132000,'cal4-sun-3',617,,778,78,,,0,83,,779,78,,,0,42,,790,78,,,0,85,,793,78,,,0,85,,794,78,,,0,45,,795,78,,,0,88,,796,78,0,5 6,0,168,,797,78,0,5 6,0,44,,798,78,,,0,86,,799,78,,,0,84,,780,78,,,0,86,,781,78,,,0,87,,782,78,,,0,44,,783,78,,,0,85,,784,78,,,0,85,,785,78,,,0,38,,786,78,0,5 6,0,202,,788,78,,,0,170,,789,78,,,0,128,,791,78,,,0
2132000,'cal5-sat',617,,800,78,,,0,83,,801,78,,,0,42,,812,78,,,0,85,,823,78,,,0,85,,824,78,,,0,45,,825,78,,,0,88,,826,78,0,5 6,0,64,,827,78,,,0,104,,828,78,0,5 6,0,19,,829,78,,,0,25,,802,78,,,0,86,,803,78,,,0,14,,804,78,,,0,70,,805,78,,,0,86,,806,78,,,0,87,,807,78,,,0,15,,808,78,,,0,29,,809,78,,,0,85,,810,78,,,0,15,,811,78,,,0,70,,813,78,,,0,38,,814,78,0,5 6,0,87,,815,78,,,0,115,,816,78,,,0,85,,817,78,,,0,85,,818,78,,,0,128,,820,78,,,0,160,,821,78,,,0
2132000,'cal6-sun',617,,830,78,,,0,83,,831,78,,,0,42,,842,78,,,0,85,,850,78,,,0,85,,851,78,,,0,45,,852,78,,,0,88,,853,78,0,5 6,0,64,,854,78,,,0,104,,855,78,0,5 6,0,19,,856,78,,,0,25,,832,78,,,0,86,,833,78,,,0,14,,834,78,,,0,70,,835,78,,,0,86,,836,78,,,0,87,,837,78,,,0,15,,838,78,,,0,29,,839,78,,,0,85,,840,78,,,0,15,,841,78,,,0,70,,843,78,,,0,38,,844,78,0,5 6,0,202,,846,78,,,0,170,,847,78,,,0,128,,848,78,,,0
2132000,'cal7-sat',617,,857,78,,,0,83,,858,78,,,0,42,,869,78,,,0,85,,880,78,,,0,85,,883,78,,,0,45,,884,78,,,0,88,,885,78,0,5 6,0,64,,886,78,,,0,104,,887,78,0,5 6,0,19,,888,78,,,0,25,,859,78,,,0,86,,860,78,,,0,14,,861,78,,,0,70,,862,78,,,0,86,,863,78,,,0,87,,864,78,,,0,15,,865,78,,,0,29,,866,78,,,0,85,,867,78,,,0,15,,868,78,,,0,70,,870,78,,,0,38,,871,78,0,5 6,0,58,,872,78,,,0,29,,873,78,,,0,115,,875,78,,,0,85,,876,78,,,0,85,,877,78,,,0,128,,879,78,,,0,160,,881,78,,,0
2132000,'cal8-sun',617,,889,78,,,0,83,,890,78,,,0,42,,901,78,,,0,85,,912,78,,,0,85,,914,78,,,0,45,,915,78,,,0,88,,916,78,0,5 6,0,64,,917,78,,,0,104,,918,78,0,5 6,0,19,,919,78,,,0,25,,891,78,,,0,86,,892,78,,,0,14,,893,78,,,0,70,,894,78,,,0,86,,895,78,,,0,87,,896,78,,,0,15,,897,78,,,0,29,,898,78,,,0,85,,899,78,,,0,15,,900,78,,,0,70,,902,78,,,0,38,,903,78,0,5 6,0,58,,904,78,,,0,29,,905,78,,,0,115,,907,78,,,0,85,,908,78,,,0,85,,909,78,,,0,128,,911,78,,,0
2132000,'cal9-mon',612,,920,78,,,0,43,,921,78,,,0,82,,932,78,,,0,94,,939,78,,,0,90,,940,78,,,0,88,,941,78,,,0,93,,942,78,,,0,122,,943,78,,,0,21,,944,78,,,0,71,,945,78,,,0,88,,922,78,,,0,15,,923,78,,,0,35,,924,78,,,0,92,,925,78,,,0,77,,926,78,,,0,15,,927,78,,,0,90,,928,78,,,0,29,,929,78,,,0,60,,930,78,,,0,202,,933,78,,,0,125,,934,78,,,0,163,,935,78,,,0,125,,936,78,,,0
