2132000,'cal1-mon-tue-wed-thu-1',534,,614,40,,,0,83,,615,40,,,0,42,,626,40,,,0,85,,627,40,,,0,90,,628,40,,,0,90,,629,40,,,0,93,,630,40,,,0,123,,631,40,,,0,92,,632,40,,,0,88,,633,40,,,0,90,,616,40,,,0,91,,617,40,,,0,51,,618,40,,,0,90,,619,40,,,0,90,,620,40,,,0,84,,621,40,,,0,127,,622,40,,,0,165,,623,40,,,0,125,,624,40,,,0,125,,625,40,0,5 6,0
2132000,'cal10-fri-1',534,,634,40,,,0,83,,635,40,,,0,42,,646,40,,,0,85,,648,40,,,0,90,,649,40,,,0,90,,650,40,,,0,93,,651,40,,,0,123,,652,40,,,0,92,,653,40,,,0,88,,654,40,,,0,90,,636,40,,,0,91,,637,40,,,0,51,,638,40,,,0,90,,639,40,,,0,90,,640,40,,,0,84,,641,40,,,0,127,,642,40,,,0,165,,643,40,,,0,125,,644,40,,,0,125,,645,40,,,0,160,,647,40,0,5 6,0
2132000,'cal11-sat-1',539,,655,40,,,0,83,,656,40,,,0,82,,667,40,,,0,45,,671,40,,,0,85,,672,40,,,0,85,,673,40,,,0,88,,674,40,0,5 6,0,129,,675,40,0,5 6,0,84,,676,40,,,0,86,,677,40,,,0,44,,657,40,,,0,86,,658,40,,,0,85,,659,40,,,0,86,,660,40,,,0,45,,661,40,,,0,85,,662,40,,,0,79,,663,40,0,5 6,0,87,,664,40,0,5 6,0,115,,665,40,,,0,130,,666,40,,,0,170,,668,40,,,0,120,,669,40,,,0,120,,670,40,0,5 6,0
2132000,'cal12-fri',534,,678,40,,,0,83,,679,40,,,0,42,,690,40,,,0,85,,696,40,,,0,90,,697,40,,,0,90,,698,40,,,0,93,,699,40,,,0,123,,700,40,,,0,92,,701,40,,,0,88,,702,40,,,0,90,,680,40,,,0,91,,681,40,,,0,51,,682,40,,,0,90,,683,40,,,0,90,,684,40,,,0,84,,685,40,,,0,127,,686,40,,,0,75,,687,40,,,0,90,,688,40,,,0,40,,689,40,,,0,85,,691,40,,,0,85,,692,40,,,0,40,,693,40,,,0,80,,694,40,,,0,80,,695,40,0,5 6,0
2132000,'cal13-sat',539,,703,40,,,0,83,,704,40,,,0,82,,715,40,,,0,45,,723,40,,,0,85,,724,40,,,0,85,,725,40,,,0,88,,726,40,0,5 6,0,129,,727,40,0,5 6,0,84,,728,40,,,0,86,,729,40,,,0,44,,705,40,,,0,86,,706,40,,,0,85,,707,40,,,0,86,,708,40,,,0,45,,709,40,,,0,85,,710,40,,,0,79,,711,40,0,5 6,0,87,,712,40,0,5 6,0,115,,713,40,,,0,85,,714,40,,,0,45,,716,40,,,0,85,,717,40,,,0,85,,718,40,,,0,35,,719,40,,,0,85,,720,40,,,0,80,,721,40,0,5 6,0,40,,722,40,0,5 6,0
2132000,'cal2-fri',534,,730,40,,,0,83,,731,40,,,0,42,,742,40,,,0,85,,746,40,,,0,90,,747,40,,,0,90,,748,40,,,0,93,,749,40,,,0,123,,750,40,,,0,92,,751,40,,,0,88,,752,40,,,0,90,,732,40,,,0,91,,733,40,,,0,51,,734,40,,,0,90,,735,40,,,0,90,,736,40,,,0,84,,737,40,,,0,127,,738,40,,,0,75,,739,40,,,0,90,,740,40,,,0,40,,741,40,,,0,85,,743,40,,,0,125,,744,40,,,0,160,,745,40,0,5 6,0
2132000,'cal3-sat',539,,753,40,,,0,83,,754,40,,,0,82,,765,40,,,0,45,,771,40,,,0,85,,772,40,,,0,85,,773,40,,,0,88,,774,40,0,5 6,0,129,,775,40,0,5 6,0,84,,776,40,,,0,86,,777,40,,,0,44,,755,40,,,0,86,,756,40,,,0,85,,757,40,,,0,86,,758,40,,,0,45,,759,40,,,0,85,,760,40,,,0,79,,761,40,0,5 6,0,87,,762,40,,,0,115,,763,40,,,0,85,,764,40,,,0,45,,766,40,,,0,85,,767,40,0,5 6,0,85,,768,40,,,0,120,,769,40,,,0,120,,770,40,0,5 6,0
2132000,'cal4-sun-3',539,,778,40,,,0,83,,779,40,,,0,82,,790,40,,,0,45,,793,40,,,0,85,,794,40,,,0,85,,795,40,,,0,88,,796,40,0,5 6,0,129,,797,40,0,5 6,0,84,,798,40,,,0,86,,799,40,,,0,44,,780,40,,,0,86,,781,40,,,0,85,,782,40,,,0,86,,783,40,,,0,45,,784,40,,,0,85,,785,40,,,0,79,,786,40,0,5 6,0,87,,787,40,0,5 6,0,115,,788,40,,,0,130,,789,40,,,0,170,,791,40,,,0,120,,792,40,0,5 6,0
2132000,'cal5-sat',539,,800,40,,,0,83,,801,40,,,0,82,,812,40,,,0,45,,823,40,,,0,85,,824,40,,,0,85,,825,40,,,0,88,,826,40,0,5 6,0,24,,827,40,,,0,105,,828,40,0,5 6,0,19,,829,40,,,0,65,,802,40,,,0,86,,803,40,,,0,14,,804,40,,,0,30,,805,40,,,0,86,,806,40,,,0,85,,807,40,,,0,16,,808,40,,,0,70,,809,40,,,0,45,,810,40,,,0,55,,811,40,,,0,30,,813,40,,,0,79,,814,40,0,5 6,0,87,,815,40,,,0,115,,816,40,,,0,85,,817,40,,,0,45,,818,40,,,0,85,,819,40,0,5 6,0,85,,820,40,,,0,120,,821,40,,,0,120,,822,40,0,5 6,0
2132000,'cal6-sun',539,,830,40,,,0,83,,831,40,,,0,82,,842,40,,,0,45,,850,40,,,0,85,,851,40,,,0,85,,852,40,,,0,88,,853,40,0,5 6,0,24,,854,40,,,0,105,,855,40,0,5 6,0,19,,856,40,,,0,65,,832,40,,,0,86,,833,40,,,0,14,,834,40,,,0,30,,835,40,,,0,86,,836,40,,,0,85,,837,40,,,0,16,,838,40,,,0,70,,839,40,,,0,45,,840,40,,,0,55,,841,40,,,0,30,,843,40,,,0,79,,844,40,0,5 6,0,87,,845,40,,,0,115,,846,40,,,0,130,,847,40,,,0,170,,848,40,,,0,120,,849,40,0,5 6,0
2132000,'cal7-sat',539,,857,40,,,0,83,,858,40,,,0,82,,869,40,,,0,45,,880,40,,,0,85,,883,40,,,0,85,,884,40,,,0,88,,885,40,0,5 6,0,24,,886,40,,,0,105,,887,40,0,5 6,0,19,,888,40,,,0,65,,859,40,,,0,86,,860,40,,,0,14,,861,40,,,0,30,,862,40,,,0,86,,863,40,,,0,85,,864,40,,,0,16,,865,40,,,0,70,,866,40,,,0,45,,867,40,,,0,55,,868,40,,,0,30,,870,40,,,0,79,,871,40,0,5 6,0,18,,872,40,,,0,69,,873,40,,,0,51,,874,40,,,0,64,,875,40,,,0,85,,876,40,,,0,45,,877,40,,,0,85,,878,40,0,5 6,0,85,,879,40,,,0,120,,881,40,,,0,120,,882,40,0,5 6,0
2132000,'cal8-sun',539,,889,40,,,0,83,,890,40,,,0,82,,901,40,,,0,45,,912,40,,,0,85,,914,40,,,0,85,,915,40,,,0,88,,916,40,0,5 6,0,24,,917,40,,,0,105,,918,40,0,5 6,0,19,,919,40,,,0,65,,891,40,,,0,86,,892,40,,,0,14,,893,40,,,0,30,,894,40,,,0,86,,895,40,,,0,85,,896,40,,,0,16,,897,40,,,0,70,,898,40,,,0,45,,899,40,,,0,55,,900,40,,,0,30,,902,40,,,0,79,,903,40,0,5 6,0,18,,904,40,,,0,69,,905,40,,,0,51,,906,40,,,0,64,,907,40,,,0,85,,908,40,,,0,45,,909,40,,,0,85,,910,40,0,5 6,0,85,,911,40,,,0,120,,913,40,0,5 6,0
2132000,'cal9-mon',534,,920,40,,,0,83,,921,40,,,0,42,,932,40,,,0,85,,939,40,,,0,90,,940,40,,,0,90,,941,40,,,0,93,,942,40,,,0,123,,943,40,,,0,61,,944,40,,,0,31,,945,40,,,0,88,,922,40,,,0,15,,923,40,,,0,75,,924,40,,,0,91,,925,40,,,0,36,,926,40,,,0,15,,927,40,,,0,90,,928,40,,,0,70,,929,40,,,0,20,,930,40,,,0,84,,931,40,,,0,127,,933,40,,,0,165,,934,40,,,0,125,,935,40,,,0,125,,937,40,0,5 6,0,160,,938,40,0,5 6,0
