2132000,'cal1-mon-tue-wed-thu-1',616,,614,81,,,0,43,,615,81,,,0,82,,626,81,,,0,94,,627,81,,,0,90,,628,81,,,0,88,,629,81,,,0,93,,630,81,,,0,122,,631,81,,,0,92,,632,81,,,0,88,,633,81,,,0,50,,616,81,,,0,92,,617,81,,,0,92,,618,81,,,0,90,,619,81,,,0,89,,620,81,,,0,201,,622,81,,,0,125,,623,81,,,0,163,,624,81,,,0
2132000,'cal10-fri-1',616,,634,81,,,0,43,,635,81,,,0,82,,646,81,,,0,94,,648,81,,,0,90,,649,81,,,0,88,,650,81,,,0,93,,651,81,,,0,122,,652,81,,,0,92,,653,81,,,0,88,,654,81,,,0,50,,636,81,,,0,92,,637,81,,,0,92,,638,81,,,0,90,,639,81,,,0,89,,640,81,,,0,201,,642,81,,,0,125,,643,81,,,0,163,,644,81,,,0,125,,645,81,,,0
2132000,'cal11-sat-1',621,,655,81,,,0,83,,656,81,,,0,42,,667,81,,,0,85,,671,81,,,0,85,,672,81,,,0,85,,673,81,,,0,48,,674,81,0,5 6,0,168,,675,81,0,5 6,0,84,,676,81,,,0,46,,677,81,,,0,84,,657,81,,,0,86,,658,81,,,0,87,,659,81,,,0,44,,660,81,,,0,85,,661,81,,,0,85,,662,81,,,0,38,,663,81,0,5 6,0,201,,665,81,,,0,170,,666,81,,,0,128,,668,81,,,0,160,,669,81,,,0
2132000,'cal12-fri',616,,678,81,,,0,43,,679,81,,,0,82,,690,81,,,0,94,,696,81,,,0,90,,697,81,,,0,88,,698,81,,,0,93,,699,81,,,0,122,,700,81,,,0,92,,701,81,,,0,88,,702,81,,,0,50,,680,81,,,0,92,,681,81,,,0,92,,682,81,,,0,90,,683,81,,,0,89,,684,81,,,0,35,,685,81,,,0,166,,686,81,,,0,35,,687,81,,,0,90,,688,81,,,0,80,,689,81,,,0,83,,691,81,,,0,45,,692,81,,,0,80,,693,81,,,0
2132000,'cal13-sat',621,,703,81,,,0,83,,704,81,,,0,42,,715,81,,,0,85,,723,81,,,0,85,,724,81,,,0,85,,725,81,,,0,48,,726,81,0,5 6,0,168,,727,81,0,5 6,0,84,,728,81,,,0,46,,729,81,,,0,84,,705,81,,,0,86,,706,81,,,0,87,,707,81,,,0,44,,708,81,,,0,85,,709,81,,,0,85,,710,81,,,0,38,,711,81,0,5 6,0,86,,712,81,0,5 6,0,115,,713,81,,,0,85,,714,81,,,0,85,,716,81,,,0,85,,717,81,,,0,43,,718,81,,,0,75,,719,81,,,0,85,,720,81,,,0
2132000,'cal2-fri',616,,730,81,,,0,43,,731,81,,,0,82,,742,81,,,0,94,,746,81,,,0,90,,747,81,,,0,88,,748,81,,,0,93,,749,81,,,0,122,,750,81,,,0,92,,751,81,,,0,88,,752,81,,,0,50,,732,81,,,0,92,,733,81,,,0,92,,734,81,,,0,90,,735,81,,,0,89,,736,81,,,0,35,,737,81,,,0,166,,738,81,,,0,35,,739,81,,,0,90,,740,81,,,0,163,,743,81,,,0,125,,744,81,,,0
2132000,'cal3-sat',621,,753,81,,,0,83,,754,81,,,0,42,,765,81,,,0,85,,771,81,,,0,85,,772,81,,,0,85,,773,81,,,0,48,,774,81,0,5 6,0,168,,775,81,0,5 6,0,84,,776,81,,,0,46,,777,81,,,0,84,,755,81,,,0,86,,756,81,,,0,87,,757,81,,,0,44,,758,81,,,0,85,,759,81,,,0,85,,760,81,,,0,38,,761,81,0,5 6,0,86,,762,81,,,0,115,,763,81,,,0,85,,764,81,,,0,85,,766,81,,,0,128,,768,81,,,0,160,,769,81,,,0
2132000,'cal4-sun-3',621,,778,81,,,0,83,,779,81,,,0,42,,790,81,,,0,85,,793,81,,,0,85,,794,81,,,0,85,,795,81,,,0,48,,796,81,0,5 6,0,168,,797,81,0,5 6,0,84,,798,81,,,0,46,,799,81,,,0,84,,780,81,,,0,86,,781,81,,,0,87,,782,81,,,0,44,,783,81,,,0,85,,784,81,,,0,85,,785,81,,,0,38,,786,81,0,5 6,0,201,,788,81,,,0,170,,789,81,,,0,128,,791,81,,,0
2132000,'cal5-sat',621,,800,81,,,0,83,,801,81,,,0,42,,812,81,,,0,85,,823,81,,,0,85,,824,81,,,0,85,,825,81,,,0,48,,826,81,0,5 6,0,64,,827,81,,,0,104,,828,81,0,5 6,0,19,,829,81,,,0,65,,802,81,,,0,46,,803,81,,,0,54,,804,81,,,0,30,,805,81,,,0,86,,806,81,,,0,87,,807,81,,,0,15,,808,81,,,0,29,,809,81,,,0,85,,810,81,,,0,15,,811,81,,,0,70,,813,81,,,0,38,,814,81,0,5 6,0,86,,815,81,,,0,115,,816,81,,,0,85,,817,81,,,0,85,,818,81,,,0,128,,820,81,,,0,160,,821,81,,,0
2132000,'cal6-sun',621,,830,81,,,0,83,,831,81,,,0,42,,842,81,,,0,85,,850,81,,,0,85,,851,81,,,0,85,,852,81,,,0,48,,853,81,0,5 6,0,64,,854,81,,,0,104,,855,81,0,5 6,0,19,,856,81,,,0,65,,832,81,,,0,46,,833,81,,,0,54,,834,81,,,0,30,,835,81,,,0,86,,836,81,,,0,87,,837,81,,,0,15,,838,81,,,0,29,,839,81,,,0,85,,840,81,,,0,15,,841,81,,,0,70,,843,81,,,0,38,,844,81,0,5 6,0,201,,846,81,,,0,170,,847,81,,,0,128,,848,81,,,0
2132000,'cal7-sat',621,,857,81,,,0,83,,858,81,,,0,42,,869,81,,,0,85,,880,81,,,0,85,,883,81,,,0,85,,884,81,,,0,48,,885,81,0,5 6,0,64,,886,81,,,0,104,,887,81,0,5 6,0,19,,888,81,,,0,65,,859,81,,,0,46,,860,81,,,0,54,,861,81,,,0,30,,862,81,,,0,86,,863,81,,,0,87,,864,81,,,0,15,,865,81,,,0,29,,866,81,,,0,85,,867,81,,,0,15,,868,81,,,0,70,,870,81,,,0,38,,871,81,0,5 6,0,57,,872,81,,,0,29,,873,81,,,0,115,,875,81,,,0,85,,876,81,,,0,85,,877,81,,,0,128,,879,81,,,0,160,,881,81,,,0
2132000,'cal8-sun',621,,889,81,,,0,83,,890,81,,,0,42,,901,81,,,0,85,,912,81,,,0,85,,914,81,,,0,85,,915,81,,,0,48,,916,81,0,5 6,0,64,,917,81,,,0,104,,918,81,0,5 6,0,19,,919,81,,,0,65,,891,81,,,0,46,,892,81,,,0,54,,893,81,,,0,30,,894,81,,,0,86,,895,81,,,0,87,,896,81,,,0,15,,897,81,,,0,29,,898,81,,,0,85,,899,81,,,0,15,,900,81,,,0,70,,902,81,,,0,38,,903,81,0,5 6,0,57,,904,81,,,0,29,,905,81,,,0,115,,907,81,,,0,85,,908,81,,,0,85,,909,81,,,0,128,,911,81,,,0
2132000,'cal9-mon',616,,920,81,,,0,43,,921,81,,,0,82,,932,81,,,0,94,,939,81,,,0,90,,940,81,,,0,88,,941,81,,,0,93,,942,81,,,0,122,,943,81,,,0,21,,944,81,,,0,71,,945,81,,,0,88,,922,81,,,0,15,,923,81,,,0,35,,924,81,,,0,92,,925,81,,,0,77,,926,81,,,0,15,,927,81,,,0,90,,928,81,,,0,69,,929,81,,,0,20,,930,81,,,0,201,,933,81,,,0,125,,934,81,,,0,163,,935,81,,,0,125,,936,81,,,0
