2132000,'cal1-mon-tue-wed-thu-1',635,,626,13,,,0,85,,627,13,,,0,90,,628,13,,,0,90,,629,13,,,0,50,,630,13,,,0,165,,631,13,,,0,90,,632,13,,,0,50,,633,13,,,0,90,,616,13,,,0,90,,617,13,,,0,91,,618,13,,,0,90,,619,13,,,0,90,,620,13,,,0,45,,621,13,,,0,169,,622,13,,,0,125,,623,13,,,0,165,,624,13,,,0,125,,625,13,0,5 6,0
2132000,'cal10-fri-1',635,,646,13,,,0,85,,648,13,,,0,90,,649,13,,,0,90,,650,13,,,0,50,,651,13,,,0,165,,652,13,,,0,90,,653,13,,,0,50,,654,13,,,0,90,,636,13,,,0,90,,637,13,,,0,91,,638,13,,,0,90,,639,13,,,0,90,,640,13,,,0,45,,641,13,,,0,169,,642,13,,,0,125,,643,13,,,0,165,,644,13,,,0,125,,645,13,,,0,120,,647,13,0,5 6,0
2132000,'cal11-sat-1',640,,667,13,,,0,85,,671,13,,,0,85,,672,13,,,0,45,,673,13,,,0,85,,674,13,0,5 6,0,170,,675,13,0,5 6,0,45,,676,13,,,0,85,,677,13,,,0,85,,657,13,,,0,85,,658,13,,,0,45,,659,13,,,0,86,,660,13,,,0,85,,661,13,,,0,85,,662,13,,,0,40,,663,13,0,5 6,0,89,,664,13,0,5 6,0,115,,665,13,,,0,170,,666,13,,,0,130,,668,13,,,0,160,,669,13,,,0,120,,670,13,0,5 6,0
2132000,'cal12-fri',635,,690,13,,,0,85,,696,13,,,0,90,,697,13,,,0,90,,698,13,,,0,50,,699,13,,,0,165,,700,13,,,0,90,,701,13,,,0,50,,702,13,,,0,90,,680,13,,,0,90,,681,13,,,0,91,,682,13,,,0,90,,683,13,,,0,90,,684,13,,,0,45,,685,13,,,0,169,,686,13,,,0,35,,687,13,,,0,90,,688,13,,,0,80,,689,13,,,0,85,,691,13,,,0,45,,692,13,,,0,80,,693,13,,,0,80,,694,13,,,0,40,,695,13,0,5 6,0
2132000,'cal13-sat',640,,715,13,,,0,85,,723,13,,,0,85,,724,13,,,0,45,,725,13,,,0,85,,726,13,0,5 6,0,170,,727,13,0,5 6,0,45,,728,13,,,0,85,,729,13,,,0,85,,705,13,,,0,85,,706,13,,,0,45,,707,13,,,0,86,,708,13,,,0,85,,709,13,,,0,85,,710,13,,,0,40,,711,13,0,5 6,0,89,,712,13,0,5 6,0,115,,713,13,,,0,85,,714,13,,,0,85,,716,13,,,0,85,,717,13,,,0,45,,718,13,,,0,75,,719,13,,,0,85,,720,13,,,0,40,,721,13,0,5 6,0,80,,722,13,0,5 6,0
2132000,'cal2-fri',635,,742,13,,,0,85,,746,13,,,0,90,,747,13,,,0,90,,748,13,,,0,50,,749,13,,,0,165,,750,13,,,0,90,,751,13,,,0,50,,752,13,,,0,90,,732,13,,,0,90,,733,13,,,0,91,,734,13,,,0,90,,735,13,,,0,90,,736,13,,,0,45,,737,13,,,0,169,,738,13,,,0,35,,739,13,,,0,90,,740,13,,,0,80,,741,13,,,0,85,,743,13,,,0,125,,744,13,,,0,120,,745,13,0,5 6,0
2132000,'cal3-sat',640,,765,13,,,0,85,,771,13,,,0,85,,772,13,,,0,45,,773,13,,,0,85,,774,13,0,5 6,0,170,,775,13,0,5 6,0,45,,776,13,,,0,85,,777,13,,,0,85,,755,13,,,0,85,,756,13,,,0,45,,757,13,,,0,86,,758,13,,,0,85,,759,13,,,0,85,,760,13,,,0,40,,761,13,0,5 6,0,89,,762,13,,,0,115,,763,13,,,0,85,,764,13,,,0,85,,766,13,,,0,85,,767,13,0,5 6,0,45,,768,13,,,0,160,,769,13,,,0,120,,770,13,0,5 6,0
2132000,'cal4-sun-3',640,,790,13,,,0,85,,793,13,,,0,85,,794,13,,,0,45,,795,13,,,0,85,,796,13,0,5 6,0,170,,797,13,0,5 6,0,45,,798,13,,,0,85,,799,13,,,0,85,,780,13,,,0,85,,781,13,,,0,45,,782,13,,,0,86,,783,13,,,0,85,,784,13,,,0,85,,785,13,,,0,40,,786,13,0,5 6,0,89,,787,13,0,5 6,0,115,,788,13,,,0,170,,789,13,,,0,130,,791,13,,,0,160,,792,13,0,5 6,0
2132000,'cal5-sat',640,,812,13,,,0,85,,823,13,,,0,85,,824,13,,,0,45,,825,13,,,0,85,,826,13,0,5 6,0,170,,828,13,0,5 6,0,20,,829,13,,,0,25,,802,13,,,0,85,,803,13,,,0,15,,804,13,,,0,70,,805,13,,,0,85,,806,13,,,0,45,,807,13,,,0,56,,808,13,,,0,30,,809,13,,,0,85,,810,13,,,0,15,,811,13,,,0,70,,813,13,,,0,40,,814,13,0,5 6,0,89,,815,13,,,0,115,,816,13,,,0,85,,817,13,,,0,85,,818,13,,,0,85,,819,13,0,5 6,0,45,,820,13,,,0,160,,821,13,,,0,120,,822,13,0,5 6,0
2132000,'cal6-sun',640,,842,13,,,0,85,,850,13,,,0,85,,851,13,,,0,45,,852,13,,,0,85,,853,13,0,5 6,0,170,,855,13,0,5 6,0,20,,856,13,,,0,25,,832,13,,,0,85,,833,13,,,0,15,,834,13,,,0,70,,835,13,,,0,85,,836,13,,,0,45,,837,13,,,0,56,,838,13,,,0,30,,839,13,,,0,85,,840,13,,,0,15,,841,13,,,0,70,,843,13,,,0,40,,844,13,0,5 6,0,89,,845,13,,,0,115,,846,13,,,0,170,,847,13,,,0,130,,848,13,,,0,160,,849,13,0,5 6,0
2132000,'cal7-sat',640,,869,13,,,0,85,,880,13,,,0,85,,883,13,,,0,45,,884,13,,,0,85,,885,13,0,5 6,0,170,,887,13,0,5 6,0,20,,888,13,,,0,25,,859,13,,,0,85,,860,13,,,0,15,,861,13,,,0,70,,862,13,,,0,85,,863,13,,,0,45,,864,13,,,0,56,,865,13,,,0,30,,866,13,,,0,85,,867,13,,,0,15,,868,13,,,0,70,,870,13,,,0,40,,871,13,0,5 6,0,60,,872,13,,,0,29,,873,13,,,0,91,,874,13,,,0,24,,875,13,,,0,85,,876,13,,,0,85,,877,13,,,0,85,,878,13,0,5 6,0,45,,879,13,,,0,160,,881,13,,,0,120,,882,13,0,5 6,0
2132000,'cal8-sun',640,,901,13,,,0,85,,912,13,,,0,85,,914,13,,,0,45,,915,13,,,0,85,,916,13,0,5 6,0,170,,918,13,0,5 6,0,20,,919,13,,,0,25,,891,13,,,0,85,,892,13,,,0,15,,893,13,,,0,70,,894,13,,,0,85,,895,13,,,0,45,,896,13,,,0,56,,897,13,,,0,30,,898,13,,,0,85,,899,13,,,0,15,,900,13,,,0,70,,902,13,,,0,40,,903,13,0,5 6,0,60,,904,13,,,0,29,,905,13,,,0,91,,906,13,,,0,24,,907,13,,,0,85,,908,13,,,0,85,,909,13,,,0,85,,910,13,0,5 6,0,45,,911,13,,,0,160,,913,13,0,5 6,0
2132000,'cal9-mon',635,,932,13,,,0,85,,939,13,,,0,90,,940,13,,,0,90,,941,13,,,0,50,,942,13,,,0,165,,943,13,,,0,90,,945,13,,,0,50,,922,13,,,0,55,,923,13,,,0,35,,924,13,,,0,90,,925,13,,,0,76,,926,13,,,0,15,,927,13,,,0,90,,928,13,,,0,30,,929,13,,,0,60,,930,13,,,0,45,,931,13,,,0,169,,933,13,,,0,125,,934,13,,,0,165,,935,13,,,0,125,,937,13,0,5 6,0,120,,938,13,0,5 6,0
