2132000,'cal1-mon-tue-wed-thu-1',638,,626,17,,,0,85,,627,17,,,0,90,,628,17,,,0,90,,629,17,,,0,50,,630,17,,,0,165,,631,17,,,0,90,,632,17,,,0,50,,633,17,,,0,90,,616,17,,,0,90,,617,17,,,0,91,,618,17,,,0,90,,619,17,,,0,90,,620,17,,,0,45,,621,17,,,0,169,,622,17,,,0,125,,623,17,,,0,165,,624,17,,,0,125,,625,17,0,5 6,0
2132000,'cal10-fri-1',638,,646,17,,,0,85,,648,17,,,0,90,,649,17,,,0,90,,650,17,,,0,50,,651,17,,,0,165,,652,17,,,0,90,,653,17,,,0,50,,654,17,,,0,90,,636,17,,,0,90,,637,17,,,0,91,,638,17,,,0,90,,639,17,,,0,90,,640,17,,,0,45,,641,17,,,0,169,,642,17,,,0,125,,643,17,,,0,165,,644,17,,,0,125,,645,17,,,0,120,,647,17,0,5 6,0
2132000,'cal11-sat-1',643,,667,17,,,0,85,,671,17,,,0,85,,672,17,,,0,45,,673,17,,,0,85,,674,17,0,5 6,0,170,,675,17,0,5 6,0,45,,676,17,,,0,85,,677,17,,,0,85,,657,17,,,0,85,,658,17,,,0,45,,659,17,,,0,86,,660,17,,,0,85,,661,17,,,0,85,,662,17,,,0,40,,663,17,0,5 6,0,89,,664,17,0,5 6,0,115,,665,17,,,0,170,,666,17,,,0,130,,668,17,,,0,160,,669,17,,,0,120,,670,17,0,5 6,0
2132000,'cal12-fri',638,,690,17,,,0,85,,696,17,,,0,90,,697,17,,,0,90,,698,17,,,0,50,,699,17,,,0,165,,700,17,,,0,90,,701,17,,,0,50,,702,17,,,0,90,,680,17,,,0,90,,681,17,,,0,91,,682,17,,,0,90,,683,17,,,0,90,,684,17,,,0,45,,685,17,,,0,169,,686,17,,,0,35,,687,17,,,0,90,,688,17,,,0,80,,689,17,,,0,85,,691,17,,,0,45,,692,17,,,0,80,,693,17,,,0,80,,694,17,,,0,40,,695,17,0,5 6,0
2132000,'cal13-sat',643,,715,17,,,0,85,,723,17,,,0,85,,724,17,,,0,45,,725,17,,,0,85,,726,17,0,5 6,0,170,,727,17,0,5 6,0,45,,728,17,,,0,85,,729,17,,,0,85,,705,17,,,0,85,,706,17,,,0,45,,707,17,,,0,86,,708,17,,,0,85,,709,17,,,0,85,,710,17,,,0,40,,711,17,0,5 6,0,89,,712,17,0,5 6,0,115,,713,17,,,0,85,,714,17,,,0,85,,716,17,,,0,85,,717,17,,,0,45,,718,17,,,0,75,,719,17,,,0,85,,720,17,,,0,40,,721,17,0,5 6,0,80,,722,17,0,5 6,0
2132000,'cal2-fri',638,,742,17,,,0,85,,746,17,,,0,90,,747,17,,,0,90,,748,17,,,0,50,,749,17,,,0,165,,750,17,,,0,90,,751,17,,,0,50,,752,17,,,0,90,,732,17,,,0,90,,733,17,,,0,91,,734,17,,,0,90,,735,17,,,0,90,,736,17,,,0,45,,737,17,,,0,169,,738,17,,,0,35,,739,17,,,0,90,,740,17,,,0,80,,741,17,,,0,85,,743,17,,,0,125,,744,17,,,0,120,,745,17,0,5 6,0
2132000,'cal3-sat',643,,765,17,,,0,85,,771,17,,,0,85,,772,17,,,0,45,,773,17,,,0,85,,774,17,0,5 6,0,170,,775,17,0,5 6,0,45,,776,17,,,0,85,,777,17,,,0,85,,755,17,,,0,85,,756,17,,,0,45,,757,17,,,0,86,,758,17,,,0,85,,759,17,,,0,85,,760,17,,,0,40,,761,17,0,5 6,0,89,,762,17,,,0,115,,763,17,,,0,85,,764,17,,,0,85,,766,17,,,0,85,,767,17,0,5 6,0,45,,768,17,,,0,160,,769,17,,,0,120,,770,17,0,5 6,0
2132000,'cal4-sun-3',643,,790,17,,,0,85,,793,17,,,0,85,,794,17,,,0,45,,795,17,,,0,85,,796,17,0,5 6,0,170,,797,17,0,5 6,0,45,,798,17,,,0,85,,799,17,,,0,85,,780,17,,,0,85,,781,17,,,0,45,,782,17,,,0,86,,783,17,,,0,85,,784,17,,,0,85,,785,17,,,0,40,,786,17,0,5 6,0,89,,787,17,0,5 6,0,115,,788,17,,,0,170,,789,17,,,0,130,,791,17,,,0,160,,792,17,0,5 6,0
2132000,'cal5-sat',643,,812,17,,,0,85,,823,17,,,0,85,,824,17,,,0,45,,825,17,,,0,85,,826,17,0,5 6,0,170,,828,17,0,5 6,0,20,,829,17,,,0,25,,802,17,,,0,85,,803,17,,,0,15,,804,17,,,0,70,,805,17,,,0,85,,806,17,,,0,45,,807,17,,,0,56,,808,17,,,0,30,,809,17,,,0,85,,810,17,,,0,15,,811,17,,,0,70,,813,17,,,0,40,,814,17,0,5 6,0,89,,815,17,,,0,115,,816,17,,,0,85,,817,17,,,0,85,,818,17,,,0,85,,819,17,0,5 6,0,45,,820,17,,,0,160,,821,17,,,0,120,,822,17,0,5 6,0
2132000,'cal6-sun',643,,842,17,,,0,85,,850,17,,,0,85,,851,17,,,0,45,,852,17,,,0,85,,853,17,0,5 6,0,170,,855,17,0,5 6,0,20,,856,17,,,0,25,,832,17,,,0,85,,833,17,,,0,15,,834,17,,,0,70,,835,17,,,0,85,,836,17,,,0,45,,837,17,,,0,56,,838,17,,,0,30,,839,17,,,0,85,,840,17,,,0,15,,841,17,,,0,70,,843,17,,,0,40,,844,17,0,5 6,0,89,,845,17,,,0,115,,846,17,,,0,170,,847,17,,,0,130,,848,17,,,0,160,,849,17,0,5 6,0
2132000,'cal7-sat',643,,869,17,,,0,85,,880,17,,,0,85,,883,17,,,0,45,,884,17,,,0,85,,885,17,0,5 6,0,170,,887,17,0,5 6,0,20,,888,17,,,0,25,,859,17,,,0,85,,860,17,,,0,15,,861,17,,,0,70,,862,17,,,0,85,,863,17,,,0,45,,864,17,,,0,56,,865,17,,,0,30,,866,17,,,0,85,,867,17,,,0,15,,868,17,,,0,70,,870,17,,,0,40,,871,17,0,5 6,0,60,,872,17,,,0,29,,873,17,,,0,91,,874,17,,,0,24,,875,17,,,0,85,,876,17,,,0,85,,877,17,,,0,85,,878,17,0,5 6,0,45,,879,17,,,0,160,,881,17,,,0,120,,882,17,0,5 6,0
2132000,'cal8-sun',643,,901,17,,,0,85,,912,17,,,0,85,,914,17,,,0,45,,915,17,,,0,85,,916,17,0,5 6,0,170,,918,17,0,5 6,0,20,,919,17,,,0,25,,891,17,,,0,85,,892,17,,,0,15,,893,17,,,0,70,,894,17,,,0,85,,895,17,,,0,45,,896,17,,,0,56,,897,17,,,0,30,,898,17,,,0,85,,899,17,,,0,15,,900,17,,,0,70,,902,17,,,0,40,,903,17,0,5 6,0,60,,904,17,,,0,29,,905,17,,,0,91,,906,17,,,0,24,,907,17,,,0,85,,908,17,,,0,85,,909,17,,,0,85,,910,17,0,5 6,0,45,,911,17,,,0,160,,913,17,0,5 6,0
2132000,'cal9-mon',638,,932,17,,,0,85,,939,17,,,0,90,,940,17,,,0,90,,941,17,,,0,50,,942,17,,,0,165,,943,17,,,0,90,,945,17,,,0,50,,922,17,,,0,55,,923,17,,,0,35,,924,17,,,0,90,,925,17,,,0,76,,926,17,,,0,15,,927,17,,,0,90,,928,17,,,0,30,,929,17,,,0,60,,930,17,,,0,45,,931,17,,,0,169,,933,17,,,0,125,,934,17,,,0,165,,935,17,,,0,125,,937,17,0,5 6,0,120,,938,17,0,5 6,0
