2132000,'cal1-mon-tue-wed-thu-1',538,,614,45,,,0,83,,615,45,,,0,82,,626,45,,,0,47,,627,45,,,0,90,,628,45,,,0,90,,629,45,,,0,93,,630,45,,,0,123,,631,45,,,0,92,,632,45,,,0,88,,633,45,,,0,90,,616,45,,,0,91,,617,45,,,0,51,,618,45,,,0,90,,619,45,,,0,90,,620,45,,,0,82,,621,45,,,0,127,,622,45,,,0,165,,623,45,,,0,125,,624,45,,,0,165,,625,45,0,5 6,0
2132000,'cal10-fri-1',538,,634,45,,,0,83,,635,45,,,0,82,,646,45,,,0,47,,648,45,,,0,90,,649,45,,,0,90,,650,45,,,0,93,,651,45,,,0,123,,652,45,,,0,92,,653,45,,,0,88,,654,45,,,0,90,,636,45,,,0,91,,637,45,,,0,51,,638,45,,,0,90,,639,45,,,0,90,,640,45,,,0,82,,641,45,,,0,127,,642,45,,,0,165,,643,45,,,0,125,,644,45,,,0,165,,645,45,,,0,120,,647,45,0,5 6,0
2132000,'cal11-sat-1',543,,655,45,,,0,83,,656,45,,,0,82,,667,45,,,0,45,,671,45,,,0,85,,672,45,,,0,85,,673,45,,,0,88,,674,45,0,5 6,0,129,,675,45,0,5 6,0,84,,676,45,,,0,86,,677,45,,,0,44,,657,45,,,0,86,,658,45,,,0,85,,659,45,,,0,86,,660,45,,,0,45,,661,45,,,0,85,,662,45,,,0,79,,663,45,0,5 6,0,87,,664,45,0,5 6,0,115,,665,45,,,0,130,,666,45,,,0,170,,668,45,,,0,120,,669,45,,,0,160,,670,45,0,5 6,0
2132000,'cal12-fri',538,,678,45,,,0,83,,679,45,,,0,82,,690,45,,,0,47,,696,45,,,0,90,,697,45,,,0,90,,698,45,,,0,93,,699,45,,,0,123,,700,45,,,0,92,,701,45,,,0,88,,702,45,,,0,90,,680,45,,,0,91,,681,45,,,0,51,,682,45,,,0,90,,683,45,,,0,90,,684,45,,,0,82,,685,45,,,0,127,,686,45,,,0,75,,687,45,,,0,90,,688,45,,,0,40,,689,45,,,0,85,,691,45,,,0,85,,692,45,,,0,80,,693,45,,,0,40,,694,45,,,0,80,,695,45,0,5 6,0
2132000,'cal13-sat',543,,703,45,,,0,83,,704,45,,,0,82,,715,45,,,0,45,,723,45,,,0,85,,724,45,,,0,85,,725,45,,,0,88,,726,45,0,5 6,0,129,,727,45,0,5 6,0,84,,728,45,,,0,86,,729,45,,,0,44,,705,45,,,0,86,,706,45,,,0,85,,707,45,,,0,86,,708,45,,,0,45,,709,45,,,0,85,,710,45,,,0,79,,711,45,0,5 6,0,87,,712,45,0,5 6,0,115,,713,45,,,0,85,,714,45,,,0,45,,716,45,,,0,85,,717,45,,,0,85,,718,45,,,0,35,,719,45,,,0,85,,720,45,,,0,80,,721,45,0,5 6,0,80,,722,45,0,5 6,0
2132000,'cal2-fri',538,,730,45,,,0,83,,731,45,,,0,82,,742,45,,,0,47,,746,45,,,0,90,,747,45,,,0,90,,748,45,,,0,93,,749,45,,,0,123,,750,45,,,0,92,,751,45,,,0,88,,752,45,,,0,90,,732,45,,,0,91,,733,45,,,0,51,,734,45,,,0,90,,735,45,,,0,90,,736,45,,,0,82,,737,45,,,0,127,,738,45,,,0,75,,739,45,,,0,90,,740,45,,,0,40,,741,45,,,0,85,,743,45,,,0,165,,744,45,,,0,120,,745,45,0,5 6,0
2132000,'cal3-sat',543,,753,45,,,0,83,,754,45,,,0,82,,765,45,,,0,45,,771,45,,,0,85,,772,45,,,0,85,,773,45,,,0,88,,774,45,0,5 6,0,129,,775,45,0,5 6,0,84,,776,45,,,0,86,,777,45,,,0,44,,755,45,,,0,86,,756,45,,,0,85,,757,45,,,0,86,,758,45,,,0,45,,759,45,,,0,85,,760,45,,,0,79,,761,45,0,5 6,0,87,,762,45,,,0,115,,763,45,,,0,85,,764,45,,,0,45,,766,45,,,0,85,,767,45,0,5 6,0,85,,768,45,,,0,120,,769,45,,,0,160,,770,45,0,5 6,0
2132000,'cal4-sun-3',543,,778,45,,,0,83,,779,45,,,0,82,,790,45,,,0,45,,793,45,,,0,85,,794,45,,,0,85,,795,45,,,0,88,,796,45,0,5 6,0,129,,797,45,0,5 6,0,84,,798,45,,,0,86,,799,45,,,0,44,,780,45,,,0,86,,781,45,,,0,85,,782,45,,,0,86,,783,45,,,0,45,,784,45,,,0,85,,785,45,,,0,79,,786,45,0,5 6,0,87,,787,45,0,5 6,0,115,,788,45,,,0,130,,789,45,,,0,170,,791,45,,,0,120,,792,45,0,5 6,0
2132000,'cal5-sat',543,,800,45,,,0,83,,801,45,,,0,82,,812,45,,,0,45,,823,45,,,0,85,,824,45,,,0,85,,825,45,,,0,88,,826,45,0,5 6,0,24,,827,45,,,0,105,,828,45,0,5 6,0,19,,829,45,,,0,65,,802,45,,,0,86,,803,45,,,0,14,,804,45,,,0,30,,805,45,,,0,86,,806,45,,,0,85,,807,45,,,0,16,,808,45,,,0,70,,809,45,,,0,45,,810,45,,,0,55,,811,45,,,0,30,,813,45,,,0,79,,814,45,0,5 6,0,87,,815,45,,,0,115,,816,45,,,0,85,,817,45,,,0,45,,818,45,,,0,85,,819,45,0,5 6,0,85,,820,45,,,0,120,,821,45,,,0,160,,822,45,0,5 6,0
2132000,'cal6-sun',543,,830,45,,,0,83,,831,45,,,0,82,,842,45,,,0,45,,850,45,,,0,85,,851,45,,,0,85,,852,45,,,0,88,,853,45,0,5 6,0,24,,854,45,,,0,105,,855,45,0,5 6,0,19,,856,45,,,0,65,,832,45,,,0,86,,833,45,,,0,14,,834,45,,,0,30,,835,45,,,0,86,,836,45,,,0,85,,837,45,,,0,16,,838,45,,,0,70,,839,45,,,0,45,,840,45,,,0,55,,841,45,,,0,30,,843,45,,,0,79,,844,45,0,5 6,0,87,,845,45,,,0,115,,846,45,,,0,130,,847,45,,,0,170,,848,45,,,0,120,,849,45,0,5 6,0
2132000,'cal7-sat',543,,857,45,,,0,83,,858,45,,,0,82,,869,45,,,0,45,,880,45,,,0,85,,883,45,,,0,85,,884,45,,,0,88,,885,45,0,5 6,0,24,,886,45,,,0,105,,887,45,0,5 6,0,19,,888,45,,,0,65,,859,45,,,0,86,,860,45,,,0,14,,861,45,,,0,30,,862,45,,,0,86,,863,45,,,0,85,,864,45,,,0,16,,865,45,,,0,70,,866,45,,,0,45,,867,45,,,0,55,,868,45,,,0,30,,870,45,,,0,79,,871,45,0,5 6,0,18,,872,45,,,0,69,,873,45,,,0,51,,874,45,,,0,64,,875,45,,,0,85,,876,45,,,0,45,,877,45,,,0,85,,878,45,0,5 6,0,85,,879,45,,,0,120,,881,45,,,0,160,,882,45,0,5 6,0
2132000,'cal8-sun',543,,889,45,,,0,83,,890,45,,,0,82,,901,45,,,0,45,,912,45,,,0,85,,914,45,,,0,85,,915,45,,,0,88,,916,45,0,5 6,0,24,,917,45,,,0,105,,918,45,0,5 6,0,19,,919,45,,,0,65,,891,45,,,0,86,,892,45,,,0,14,,893,45,,,0,30,,894,45,,,0,86,,895,45,,,0,85,,896,45,,,0,16,,897,45,,,0,70,,898,45,,,0,45,,899,45,,,0,55,,900,45,,,0,30,,902,45,,,0,79,,903,45,0,5 6,0,18,,904,45,,,0,69,,905,45,,,0,51,,906,45,,,0,64,,907,45,,,0,85,,908,45,,,0,45,,909,45,,,0,85,,910,45,0,5 6,0,85,,911,45,,,0,120,,913,45,0,5 6,0
2132000,'cal9-mon',538,,920,45,,,0,83,,921,45,,,0,82,,932,45,,,0,47,,939,45,,,0,90,,940,45,,,0,90,,941,45,,,0,93,,942,45,,,0,123,,943,45,,,0,61,,944,45,,,0,31,,945,45,,,0,88,,922,45,,,0,15,,923,45,,,0,75,,924,45,,,0,91,,925,45,,,0,36,,926,45,,,0,15,,927,45,,,0,90,,928,45,,,0,70,,929,45,,,0,20,,930,45,,,0,82,,931,45,,,0,127,,933,45,,,0,165,,934,45,,,0,125,,935,45,,,0,165,,937,45,0,5 6,0,120,,938,45,0,5 6,0
