2132000,'cal1-mon-tue-wed-thu-1',611,,614,76,,,0,43,,615,76,,,0,82,,626,76,,,0,94,,627,76,,,0,90,,628,76,,,0,88,,629,76,,,0,93,,630,76,,,0,122,,631,76,,,0,92,,632,76,,,0,88,,633,76,,,0,50,,616,76,,,0,92,,617,76,,,0,92,,618,76,,,0,90,,619,76,,,0,89,,620,76,,,0,201,,622,76,,,0,125,,623,76,,,0,163,,624,76,,,0
2132000,'cal10-fri-1',611,,634,76,,,0,43,,635,76,,,0,82,,646,76,,,0,94,,648,76,,,0,90,,649,76,,,0,88,,650,76,,,0,93,,651,76,,,0,122,,652,76,,,0,92,,653,76,,,0,88,,654,76,,,0,50,,636,76,,,0,92,,637,76,,,0,92,,638,76,,,0,90,,639,76,,,0,89,,640,76,,,0,201,,642,76,,,0,125,,643,76,,,0,163,,644,76,,,0,125,,645,76,,,0
2132000,'cal11-sat-1',616,,655,76,,,0,43,,656,76,,,0,82,,667,76,,,0,85,,671,76,,,0,85,,672,76,,,0,45,,673,76,,,0,88,,674,76,0,5 6,0,168,,675,76,0,5 6,0,44,,676,76,,,0,86,,677,76,,,0,84,,657,76,,,0,86,,658,76,,,0,47,,659,76,,,0,84,,660,76,,,0,85,,661,76,,,0,85,,662,76,,,0,38,,663,76,0,5 6,0,201,,665,76,,,0,170,,666,76,,,0,128,,668,76,,,0,160,,669,76,,,0
2132000,'cal12-fri',611,,678,76,,,0,43,,679,76,,,0,82,,690,76,,,0,94,,696,76,,,0,90,,697,76,,,0,88,,698,76,,,0,93,,699,76,,,0,122,,700,76,,,0,92,,701,76,,,0,88,,702,76,,,0,50,,680,76,,,0,92,,681,76,,,0,92,,682,76,,,0,90,,683,76,,,0,89,,684,76,,,0,35,,685,76,,,0,166,,686,76,,,0,35,,687,76,,,0,90,,688,76,,,0,80,,689,76,,,0,83,,691,76,,,0,45,,692,76,,,0,80,,693,76,,,0
2132000,'cal13-sat',616,,703,76,,,0,43,,704,76,,,0,82,,715,76,,,0,85,,723,76,,,0,85,,724,76,,,0,45,,725,76,,,0,88,,726,76,0,5 6,0,168,,727,76,0,5 6,0,44,,728,76,,,0,86,,729,76,,,0,84,,705,76,,,0,86,,706,76,,,0,47,,707,76,,,0,84,,708,76,,,0,85,,709,76,,,0,85,,710,76,,,0,38,,711,76,0,5 6,0,86,,712,76,0,5 6,0,115,,713,76,,,0,85,,714,76,,,0,85,,716,76,,,0,85,,717,76,,,0,43,,718,76,,,0,75,,719,76,,,0,85,,720,76,,,0
2132000,'cal2-fri',611,,730,76,,,0,43,,731,76,,,0,82,,742,76,,,0,94,,746,76,,,0,90,,747,76,,,0,88,,748,76,,,0,93,,749,76,,,0,122,,750,76,,,0,92,,751,76,,,0,88,,752,76,,,0,50,,732,76,,,0,92,,733,76,,,0,92,,734,76,,,0,90,,735,76,,,0,89,,736,76,,,0,35,,737,76,,,0,166,,738,76,,,0,35,,739,76,,,0,90,,740,76,,,0,163,,743,76,,,0,125,,744,76,,,0
2132000,'cal3-sat',616,,753,76,,,0,43,,754,76,,,0,82,,765,76,,,0,85,,771,76,,,0,85,,772,76,,,0,45,,773,76,,,0,88,,774,76,0,5 6,0,168,,775,76,0,5 6,0,44,,776,76,,,0,86,,777,76,,,0,84,,755,76,,,0,86,,756,76,,,0,47,,757,76,,,0,84,,758,76,,,0,85,,759,76,,,0,85,,760,76,,,0,38,,761,76,0,5 6,0,86,,762,76,,,0,115,,763,76,,,0,85,,764,76,,,0,85,,766,76,,,0,128,,768,76,,,0,160,,769,76,,,0
2132000,'cal4-sun-3',616,,778,76,,,0,43,,779,76,,,0,82,,790,76,,,0,85,,793,76,,,0,85,,794,76,,,0,45,,795,76,,,0,88,,796,76,0,5 6,0,168,,797,76,0,5 6,0,44,,798,76,,,0,86,,799,76,,,0,84,,780,76,,,0,86,,781,76,,,0,47,,782,76,,,0,84,,783,76,,,0,85,,784,76,,,0,85,,785,76,,,0,38,,786,76,0,5 6,0,201,,788,76,,,0,170,,789,76,,,0,128,,791,76,,,0
2132000,'cal5-sat',616,,800,76,,,0,43,,801,76,,,0,82,,812,76,,,0,85,,823,76,,,0,85,,824,76,,,0,45,,825,76,,,0,88,,826,76,0,5 6,0,64,,827,76,,,0,104,,828,76,0,5 6,0,19,,829,76,,,0,25,,802,76,,,0,86,,803,76,,,0,14,,804,76,,,0,70,,805,76,,,0,86,,806,76,,,0,47,,807,76,,,0,55,,808,76,,,0,29,,809,76,,,0,85,,810,76,,,0,15,,811,76,,,0,70,,813,76,,,0,38,,814,76,0,5 6,0,86,,815,76,,,0,115,,816,76,,,0,85,,817,76,,,0,85,,818,76,,,0,128,,820,76,,,0,160,,821,76,,,0
2132000,'cal6-sun',616,,830,76,,,0,43,,831,76,,,0,82,,842,76,,,0,85,,850,76,,,0,85,,851,76,,,0,45,,852,76,,,0,88,,853,76,0,5 6,0,64,,854,76,,,0,104,,855,76,0,5 6,0,19,,856,76,,,0,25,,832,76,,,0,86,,833,76,,,0,14,,834,76,,,0,70,,835,76,,,0,86,,836,76,,,0,47,,837,76,,,0,55,,838,76,,,0,29,,839,76,,,0,85,,840,76,,,0,15,,841,76,,,0,70,,843,76,,,0,38,,844,76,0,5 6,0,201,,846,76,,,0,170,,847,76,,,0,128,,848,76,,,0
2132000,'cal7-sat',616,,857,76,,,0,43,,858,76,,,0,82,,869,76,,,0,85,,880,76,,,0,85,,883,76,,,0,45,,884,76,,,0,88,,885,76,0,5 6,0,64,,886,76,,,0,104,,887,76,0,5 6,0,19,,888,76,,,0,25,,859,76,,,0,86,,860,76,,,0,14,,861,76,,,0,70,,862,76,,,0,86,,863,76,,,0,47,,864,76,,,0,55,,865,76,,,0,29,,866,76,,,0,85,,867,76,,,0,15,,868,76,,,0,70,,870,76,,,0,38,,871,76,0,5 6,0,57,,872,76,,,0,29,,873,76,,,0,115,,875,76,,,0,85,,876,76,,,0,85,,877,76,,,0,128,,879,76,,,0,160,,881,76,,,0
2132000,'cal8-sun',616,,889,76,,,0,43,,890,76,,,0,82,,901,76,,,0,85,,912,76,,,0,85,,914,76,,,0,45,,915,76,,,0,88,,916,76,0,5 6,0,64,,917,76,,,0,104,,918,76,0,5 6,0,19,,919,76,,,0,25,,891,76,,,0,86,,892,76,,,0,14,,893,76,,,0,70,,894,76,,,0,86,,895,76,,,0,47,,896,76,,,0,55,,897,76,,,0,29,,898,76,,,0,85,,899,76,,,0,15,,900,76,,,0,70,,902,76,,,0,38,,903,76,0,5 6,0,57,,904,76,,,0,29,,905,76,,,0,115,,907,76,,,0,85,,908,76,,,0,85,,909,76,,,0,128,,911,76,,,0
2132000,'cal9-mon',611,,920,76,,,0,43,,921,76,,,0,82,,932,76,,,0,94,,939,76,,,0,90,,940,76,,,0,88,,941,76,,,0,93,,942,76,,,0,122,,943,76,,,0,21,,944,76,,,0,71,,945,76,,,0,88,,922,76,,,0,15,,923,76,,,0,35,,924,76,,,0,92,,925,76,,,0,77,,926,76,,,0,15,,927,76,,,0,90,,928,76,,,0,29,,929,76,,,0,60,,930,76,,,0,201,,933,76,,,0,125,,934,76,,,0,163,,935,76,,,0,125,,936,76,,,0
