2132000,'cal1-mon-tue-wed-thu-1',525,,614,31,,,0,83,,615,31,,,0,42,,626,31,,,0,85,,627,31,,,0,90,,628,31,,,0,90,,629,31,,,0,91,,630,31,,,0,125,,631,31,,,0,90,,632,31,,,0,90,,633,31,,,0,90,,616,31,,,0,51,,617,31,,,0,91,,618,31,,,0,90,,619,31,,,0,90,,620,31,,,0,85,,621,31,,,0,127,,622,31,,,0,165,,623,31,,,0,125,,624,31,,,0,125,,625,31,0,5 6,0
2132000,'cal10-fri-1',525,,634,31,,,0,83,,635,31,,,0,42,,646,31,,,0,85,,648,31,,,0,90,,649,31,,,0,90,,650,31,,,0,91,,651,31,,,0,125,,652,31,,,0,90,,653,31,,,0,90,,654,31,,,0,90,,636,31,,,0,51,,637,31,,,0,91,,638,31,,,0,90,,639,31,,,0,90,,640,31,,,0,85,,641,31,,,0,127,,642,31,,,0,165,,643,31,,,0,125,,644,31,,,0,125,,645,31,,,0,160,,647,31,0,5 6,0
2132000,'cal11-sat-1',530,,655,31,,,0,83,,656,31,,,0,42,,667,31,,,0,85,,671,31,,,0,85,,672,31,,,0,85,,673,31,,,0,46,,674,31,0,5 6,0,170,,675,31,0,5 6,0,85,,676,31,,,0,45,,677,31,,,0,85,,657,31,,,0,86,,658,31,,,0,85,,659,31,,,0,46,,660,31,,,0,85,,661,31,,,0,85,,662,31,,,0,80,,663,31,0,5 6,0,47,,664,31,0,5 6,0,155,,665,31,,,0,130,,666,31,,,0,170,,668,31,,,0,120,,669,31,,,0,120,,670,31,0,5 6,0
2132000,'cal12-fri',525,,678,31,,,0,83,,679,31,,,0,42,,690,31,,,0,85,,696,31,,,0,90,,697,31,,,0,90,,698,31,,,0,91,,699,31,,,0,125,,700,31,,,0,90,,701,31,,,0,90,,702,31,,,0,90,,680,31,,,0,51,,681,31,,,0,91,,682,31,,,0,90,,683,31,,,0,90,,684,31,,,0,85,,685,31,,,0,127,,686,31,,,0,75,,687,31,,,0,90,,688,31,,,0,40,,689,31,,,0,85,,691,31,,,0,85,,692,31,,,0,40,,693,31,,,0,80,,694,31,,,0,80,,695,31,0,5 6,0
2132000,'cal13-sat',530,,703,31,,,0,83,,704,31,,,0,42,,715,31,,,0,85,,723,31,,,0,85,,724,31,,,0,85,,725,31,,,0,46,,726,31,0,5 6,0,170,,727,31,0,5 6,0,85,,728,31,,,0,45,,729,31,,,0,85,,705,31,,,0,86,,706,31,,,0,85,,707,31,,,0,46,,708,31,,,0,85,,709,31,,,0,85,,710,31,,,0,80,,711,31,0,5 6,0,47,,712,31,0,5 6,0,155,,713,31,,,0,45,,714,31,,,0,85,,716,31,,,0,85,,717,31,,,0,85,,718,31,,,0,35,,719,31,,,0,85,,720,31,,,0,80,,721,31,0,5 6,0,40,,722,31,0,5 6,0
2132000,'cal2-fri',525,,730,31,,,0,83,,731,31,,,0,42,,742,31,,,0,85,,746,31,,,0,90,,747,31,,,0,90,,748,31,,,0,91,,749,31,,,0,125,,750,31,,,0,90,,751,31,,,0,90,,752,31,,,0,90,,732,31,,,0,51,,733,31,,,0,91,,734,31,,,0,90,,735,31,,,0,90,,736,31,,,0,85,,737,31,,,0,127,,738,31,,,0,75,,739,31,,,0,90,,740,31,,,0,40,,741,31,,,0,85,,743,31,,,0,125,,744,31,,,0,160,,745,31,0,5 6,0
2132000,'cal3-sat',530,,753,31,,,0,83,,754,31,,,0,42,,765,31,,,0,85,,771,31,,,0,85,,772,31,,,0,85,,773,31,,,0,46,,774,31,0,5 6,0,170,,775,31,0,5 6,0,85,,776,31,,,0,45,,777,31,,,0,85,,755,31,,,0,86,,756,31,,,0,85,,757,31,,,0,46,,758,31,,,0,85,,759,31,,,0,85,,760,31,,,0,80,,761,31,0,5 6,0,47,,762,31,,,0,155,,763,31,,,0,45,,764,31,,,0,85,,766,31,,,0,85,,767,31,0,5 6,0,85,,768,31,,,0,120,,769,31,,,0,120,,770,31,0,5 6,0
2132000,'cal4-sun-3',530,,778,31,,,0,83,,779,31,,,0,42,,790,31,,,0,85,,793,31,,,0,85,,794,31,,,0,85,,795,31,,,0,46,,796,31,0,5 6,0,170,,797,31,0,5 6,0,85,,798,31,,,0,45,,799,31,,,0,85,,780,31,,,0,86,,781,31,,,0,85,,782,31,,,0,46,,783,31,,,0,85,,784,31,,,0,85,,785,31,,,0,80,,786,31,0,5 6,0,47,,787,31,0,5 6,0,155,,788,31,,,0,130,,789,31,,,0,170,,791,31,,,0,120,,792,31,0,5 6,0
2132000,'cal5-sat',530,,800,31,,,0,83,,801,31,,,0,42,,812,31,,,0,85,,823,31,,,0,85,,824,31,,,0,85,,825,31,,,0,46,,826,31,0,5 6,0,170,,828,31,0,5 6,0,20,,829,31,,,0,65,,802,31,,,0,45,,803,31,,,0,55,,804,31,,,0,30,,805,31,,,0,86,,806,31,,,0,85,,807,31,,,0,16,,808,31,,,0,30,,809,31,,,0,85,,810,31,,,0,15,,811,31,,,0,70,,813,31,,,0,80,,814,31,0,5 6,0,47,,815,31,,,0,155,,816,31,,,0,45,,817,31,,,0,85,,818,31,,,0,85,,819,31,0,5 6,0,85,,820,31,,,0,120,,821,31,,,0,120,,822,31,0,5 6,0
2132000,'cal6-sun',530,,830,31,,,0,83,,831,31,,,0,42,,842,31,,,0,85,,850,31,,,0,85,,851,31,,,0,85,,852,31,,,0,46,,853,31,0,5 6,0,170,,855,31,0,5 6,0,20,,856,31,,,0,65,,832,31,,,0,45,,833,31,,,0,55,,834,31,,,0,30,,835,31,,,0,86,,836,31,,,0,85,,837,31,,,0,16,,838,31,,,0,30,,839,31,,,0,85,,840,31,,,0,15,,841,31,,,0,70,,843,31,,,0,80,,844,31,0,5 6,0,47,,845,31,,,0,155,,846,31,,,0,130,,847,31,,,0,170,,848,31,,,0,120,,849,31,0,5 6,0
2132000,'cal7-sat',530,,857,31,,,0,83,,858,31,,,0,42,,869,31,,,0,85,,880,31,,,0,85,,883,31,,,0,85,,884,31,,,0,46,,885,31,0,5 6,0,170,,887,31,0,5 6,0,20,,888,31,,,0,65,,859,31,,,0,45,,860,31,,,0,55,,861,31,,,0,30,,862,31,,,0,86,,863,31,,,0,85,,864,31,,,0,16,,865,31,,,0,30,,866,31,,,0,85,,867,31,,,0,15,,868,31,,,0,70,,870,31,,,0,80,,871,31,0,5 6,0,18,,872,31,,,0,29,,873,31,,,0,91,,874,31,,,0,64,,875,31,,,0,45,,876,31,,,0,85,,877,31,,,0,85,,878,31,0,5 6,0,85,,879,31,,,0,120,,881,31,,,0,120,,882,31,0,5 6,0
2132000,'cal8-sun',530,,889,31,,,0,83,,890,31,,,0,42,,901,31,,,0,85,,912,31,,,0,85,,914,31,,,0,85,,915,31,,,0,46,,916,31,0,5 6,0,170,,918,31,0,5 6,0,20,,919,31,,,0,65,,891,31,,,0,45,,892,31,,,0,55,,893,31,,,0,30,,894,31,,,0,86,,895,31,,,0,85,,896,31,,,0,16,,897,31,,,0,30,,898,31,,,0,85,,899,31,,,0,15,,900,31,,,0,70,,902,31,,,0,80,,903,31,0,5 6,0,18,,904,31,,,0,29,,905,31,,,0,91,,906,31,,,0,64,,907,31,,,0,45,,908,31,,,0,85,,909,31,,,0,85,,910,31,0,5 6,0,85,,911,31,,,0,120,,913,31,0,5 6,0
2132000,'cal9-mon',525,,920,31,,,0,83,,921,31,,,0,42,,932,31,,,0,85,,939,31,,,0,90,,940,31,,,0,90,,941,31,,,0,91,,942,31,,,0,125,,943,31,,,0,90,,945,31,,,0,90,,922,31,,,0,15,,923,31,,,0,75,,924,31,,,0,51,,925,31,,,0,76,,926,31,,,0,15,,927,31,,,0,90,,928,31,,,0,70,,929,31,,,0,20,,930,31,,,0,85,,931,31,,,0,127,,933,31,,,0,165,,934,31,,,0,125,,935,31,,,0,125,,937,31,0,5 6,0,160,,938,31,0,5 6,0
