2132000,'cal1-mon-tue-wed-thu-1',557,,614,62,,,0,83,,615,62,,,0,82,,626,62,,,0,94,,627,62,,,0,90,,628,62,,,0,48,,629,62,,,0,93,,630,62,,,0,163,,631,62,,,0,92,,632,62,,,0,48,,633,62,,,0,90,,616,62,,,0,92,,617,62,,,0,92,,618,62,,,0,90,,619,62,,,0,89,,620,62,,,0,202,,622,62,,,0,125,,623,62,,,0,123,,624,62,,,0
2132000,'cal10-fri-1',557,,634,62,,,0,83,,635,62,,,0,82,,646,62,,,0,94,,648,62,,,0,90,,649,62,,,0,48,,650,62,,,0,93,,651,62,,,0,163,,652,62,,,0,92,,653,62,,,0,48,,654,62,,,0,90,,636,62,,,0,92,,637,62,,,0,92,,638,62,,,0,90,,639,62,,,0,89,,640,62,,,0,202,,642,62,,,0,125,,643,62,,,0,123,,644,62,,,0,165,,645,62,,,0
2132000,'cal11-sat-1',602,,655,62,,,0,43,,656,62,,,0,82,,667,62,,,0,85,,671,62,,,0,45,,672,62,,,0,85,,673,62,,,0,88,,674,62,0,5 6,0,129,,675,62,0,5 6,0,84,,676,62,,,0,86,,677,62,,,0,84,,657,62,,,0,46,,658,62,,,0,87,,659,62,,,0,84,,660,62,,,0,85,,661,62,,,0,85,,662,62,,,0,38,,663,62,0,5 6,0,202,,665,62,,,0,170,,666,62,,,0,128,,668,62,,,0,120,,669,62,,,0
2132000,'cal12-fri',557,,678,62,,,0,83,,679,62,,,0,82,,690,62,,,0,94,,696,62,,,0,90,,697,62,,,0,48,,698,62,,,0,93,,699,62,,,0,163,,700,62,,,0,92,,701,62,,,0,48,,702,62,,,0,90,,680,62,,,0,92,,681,62,,,0,92,,682,62,,,0,90,,683,62,,,0,89,,684,62,,,0,35,,685,62,,,0,167,,686,62,,,0,35,,687,62,,,0,90,,688,62,,,0,80,,689,62,,,0,43,,691,62,,,0,85,,692,62,,,0,80,,693,62,,,0
2132000,'cal13-sat',602,,703,62,,,0,43,,704,62,,,0,82,,715,62,,,0,85,,723,62,,,0,45,,724,62,,,0,85,,725,62,,,0,88,,726,62,0,5 6,0,129,,727,62,0,5 6,0,84,,728,62,,,0,86,,729,62,,,0,84,,705,62,,,0,46,,706,62,,,0,87,,707,62,,,0,84,,708,62,,,0,85,,709,62,,,0,85,,710,62,,,0,38,,711,62,0,5 6,0,87,,712,62,0,5 6,0,115,,713,62,,,0,85,,714,62,,,0,85,,716,62,,,0,45,,717,62,,,0,83,,718,62,,,0,75,,719,62,,,0,45,,720,62,,,0
2132000,'cal2-fri',557,,730,62,,,0,83,,731,62,,,0,82,,742,62,,,0,94,,746,62,,,0,90,,747,62,,,0,48,,748,62,,,0,93,,749,62,,,0,163,,750,62,,,0,92,,751,62,,,0,48,,752,62,,,0,90,,732,62,,,0,92,,733,62,,,0,92,,734,62,,,0,90,,735,62,,,0,89,,736,62,,,0,35,,737,62,,,0,167,,738,62,,,0,35,,739,62,,,0,90,,740,62,,,0,123,,743,62,,,0,165,,744,62,,,0
2132000,'cal3-sat',602,,753,62,,,0,43,,754,62,,,0,82,,765,62,,,0,85,,771,62,,,0,45,,772,62,,,0,85,,773,62,,,0,88,,774,62,0,5 6,0,129,,775,62,0,5 6,0,84,,776,62,,,0,86,,777,62,,,0,84,,755,62,,,0,46,,756,62,,,0,87,,757,62,,,0,84,,758,62,,,0,85,,759,62,,,0,85,,760,62,,,0,38,,761,62,0,5 6,0,87,,762,62,,,0,115,,763,62,,,0,85,,764,62,,,0,85,,766,62,,,0,128,,768,62,,,0,120,,769,62,,,0
2132000,'cal4-sun-3',602,,778,62,,,0,43,,779,62,,,0,82,,790,62,,,0,85,,793,62,,,0,45,,794,62,,,0,85,,795,62,,,0,88,,796,62,0,5 6,0,129,,797,62,0,5 6,0,84,,798,62,,,0,86,,799,62,,,0,84,,780,62,,,0,46,,781,62,,,0,87,,782,62,,,0,84,,783,62,,,0,85,,784,62,,,0,85,,785,62,,,0,38,,786,62,0,5 6,0,202,,788,62,,,0,170,,789,62,,,0,128,,791,62,,,0
2132000,'cal5-sat',602,,800,62,,,0,43,,801,62,,,0,82,,812,62,,,0,85,,823,62,,,0,45,,824,62,,,0,85,,825,62,,,0,88,,826,62,0,5 6,0,24,,827,62,,,0,105,,828,62,0,5 6,0,59,,829,62,,,0,25,,802,62,,,0,86,,803,62,,,0,14,,804,62,,,0,70,,805,62,,,0,46,,806,62,,,0,87,,807,62,,,0,55,,808,62,,,0,29,,809,62,,,0,85,,810,62,,,0,15,,811,62,,,0,70,,813,62,,,0,38,,814,62,0,5 6,0,87,,815,62,,,0,115,,816,62,,,0,85,,817,62,,,0,85,,818,62,,,0,128,,820,62,,,0,120,,821,62,,,0
2132000,'cal6-sun',602,,830,62,,,0,43,,831,62,,,0,82,,842,62,,,0,85,,850,62,,,0,45,,851,62,,,0,85,,852,62,,,0,88,,853,62,0,5 6,0,24,,854,62,,,0,105,,855,62,0,5 6,0,59,,856,62,,,0,25,,832,62,,,0,86,,833,62,,,0,14,,834,62,,,0,70,,835,62,,,0,46,,836,62,,,0,87,,837,62,,,0,55,,838,62,,,0,29,,839,62,,,0,85,,840,62,,,0,15,,841,62,,,0,70,,843,62,,,0,38,,844,62,0,5 6,0,202,,846,62,,,0,170,,847,62,,,0,128,,848,62,,,0
2132000,'cal7-sat',602,,857,62,,,0,43,,858,62,,,0,82,,869,62,,,0,85,,880,62,,,0,45,,883,62,,,0,85,,884,62,,,0,88,,885,62,0,5 6,0,24,,886,62,,,0,105,,887,62,0,5 6,0,59,,888,62,,,0,25,,859,62,,,0,86,,860,62,,,0,14,,861,62,,,0,70,,862,62,,,0,46,,863,62,,,0,87,,864,62,,,0,55,,865,62,,,0,29,,866,62,,,0,85,,867,62,,,0,15,,868,62,,,0,70,,870,62,,,0,38,,871,62,0,5 6,0,18,,872,62,,,0,69,,873,62,,,0,115,,875,62,,,0,85,,876,62,,,0,85,,877,62,,,0,128,,879,62,,,0,120,,881,62,,,0
2132000,'cal8-sun',602,,889,62,,,0,43,,890,62,,,0,82,,901,62,,,0,85,,912,62,,,0,45,,914,62,,,0,85,,915,62,,,0,88,,916,62,0,5 6,0,24,,917,62,,,0,105,,918,62,0,5 6,0,59,,919,62,,,0,25,,891,62,,,0,86,,892,62,,,0,14,,893,62,,,0,70,,894,62,,,0,46,,895,62,,,0,87,,896,62,,,0,55,,897,62,,,0,29,,898,62,,,0,85,,899,62,,,0,15,,900,62,,,0,70,,902,62,,,0,38,,903,62,0,5 6,0,18,,904,62,,,0,69,,905,62,,,0,115,,907,62,,,0,85,,908,62,,,0,85,,909,62,,,0,128,,911,62,,,0
2132000,'cal9-mon',557,,920,62,,,0,83,,921,62,,,0,82,,932,62,,,0,94,,939,62,,,0,90,,940,62,,,0,48,,941,62,,,0,93,,942,62,,,0,163,,943,62,,,0,21,,944,62,,,0,71,,945,62,,,0,48,,922,62,,,0,55,,923,62,,,0,35,,924,62,,,0,92,,925,62,,,0,77,,926,62,,,0,15,,927,62,,,0,90,,928,62,,,0,29,,929,62,,,0,60,,930,62,,,0,202,,933,62,,,0,125,,934,62,,,0,123,,935,62,,,0,165,,936,62,,,0
