2132000,'cal1-mon-tue-wed-thu-1',536,,614,42,,,0,83,,615,42,,,0,82,,626,42,,,0,45,,627,42,,,0,90,,628,42,,,0,90,,629,42,,,0,93,,630,42,,,0,123,,631,42,,,0,92,,632,42,,,0,88,,633,42,,,0,90,,616,42,,,0,91,,617,42,,,0,51,,618,42,,,0,90,,619,42,,,0,90,,620,42,,,0,84,,621,42,,,0,127,,622,42,,,0,165,,623,42,,,0,125,,624,42,,,0,165,,625,42,0,5 6,0
2132000,'cal10-fri-1',536,,634,42,,,0,83,,635,42,,,0,82,,646,42,,,0,45,,648,42,,,0,90,,649,42,,,0,90,,650,42,,,0,93,,651,42,,,0,123,,652,42,,,0,92,,653,42,,,0,88,,654,42,,,0,90,,636,42,,,0,91,,637,42,,,0,51,,638,42,,,0,90,,639,42,,,0,90,,640,42,,,0,84,,641,42,,,0,127,,642,42,,,0,165,,643,42,,,0,125,,644,42,,,0,165,,645,42,,,0,120,,647,42,0,5 6,0
2132000,'cal11-sat-1',541,,655,42,,,0,83,,656,42,,,0,82,,667,42,,,0,45,,671,42,,,0,85,,672,42,,,0,85,,673,42,,,0,88,,674,42,0,5 6,0,129,,675,42,0,5 6,0,84,,676,42,,,0,86,,677,42,,,0,44,,657,42,,,0,86,,658,42,,,0,85,,659,42,,,0,86,,660,42,,,0,45,,661,42,,,0,85,,662,42,,,0,79,,663,42,0,5 6,0,87,,664,42,0,5 6,0,115,,665,42,,,0,130,,666,42,,,0,170,,668,42,,,0,120,,669,42,,,0,160,,670,42,0,5 6,0
2132000,'cal12-fri',536,,678,42,,,0,83,,679,42,,,0,82,,690,42,,,0,45,,696,42,,,0,90,,697,42,,,0,90,,698,42,,,0,93,,699,42,,,0,123,,700,42,,,0,92,,701,42,,,0,88,,702,42,,,0,90,,680,42,,,0,91,,681,42,,,0,51,,682,42,,,0,90,,683,42,,,0,90,,684,42,,,0,84,,685,42,,,0,127,,686,42,,,0,75,,687,42,,,0,90,,688,42,,,0,40,,689,42,,,0,85,,691,42,,,0,85,,692,42,,,0,80,,693,42,,,0,40,,694,42,,,0,80,,695,42,0,5 6,0
2132000,'cal13-sat',541,,703,42,,,0,83,,704,42,,,0,82,,715,42,,,0,45,,723,42,,,0,85,,724,42,,,0,85,,725,42,,,0,88,,726,42,0,5 6,0,129,,727,42,0,5 6,0,84,,728,42,,,0,86,,729,42,,,0,44,,705,42,,,0,86,,706,42,,,0,85,,707,42,,,0,86,,708,42,,,0,45,,709,42,,,0,85,,710,42,,,0,79,,711,42,0,5 6,0,87,,712,42,0,5 6,0,115,,713,42,,,0,85,,714,42,,,0,45,,716,42,,,0,85,,717,42,,,0,85,,718,42,,,0,35,,719,42,,,0,85,,720,42,,,0,80,,721,42,0,5 6,0,80,,722,42,0,5 6,0
2132000,'cal2-fri',536,,730,42,,,0,83,,731,42,,,0,82,,742,42,,,0,45,,746,42,,,0,90,,747,42,,,0,90,,748,42,,,0,93,,749,42,,,0,123,,750,42,,,0,92,,751,42,,,0,88,,752,42,,,0,90,,732,42,,,0,91,,733,42,,,0,51,,734,42,,,0,90,,735,42,,,0,90,,736,42,,,0,84,,737,42,,,0,127,,738,42,,,0,75,,739,42,,,0,90,,740,42,,,0,40,,741,42,,,0,85,,743,42,,,0,165,,744,42,,,0,120,,745,42,0,5 6,0
2132000,'cal3-sat',541,,753,42,,,0,83,,754,42,,,0,82,,765,42,,,0,45,,771,42,,,0,85,,772,42,,,0,85,,773,42,,,0,88,,774,42,0,5 6,0,129,,775,42,0,5 6,0,84,,776,42,,,0,86,,777,42,,,0,44,,755,42,,,0,86,,756,42,,,0,85,,757,42,,,0,86,,758,42,,,0,45,,759,42,,,0,85,,760,42,,,0,79,,761,42,0,5 6,0,87,,762,42,,,0,115,,763,42,,,0,85,,764,42,,,0,45,,766,42,,,0,85,,767,42,0,5 6,0,85,,768,42,,,0,120,,769,42,,,0,160,,770,42,0,5 6,0
2132000,'cal4-sun-3',541,,778,42,,,0,83,,779,42,,,0,82,,790,42,,,0,45,,793,42,,,0,85,,794,42,,,0,85,,795,42,,,0,88,,796,42,0,5 6,0,129,,797,42,0,5 6,0,84,,798,42,,,0,86,,799,42,,,0,44,,780,42,,,0,86,,781,42,,,0,85,,782,42,,,0,86,,783,42,,,0,45,,784,42,,,0,85,,785,42,,,0,79,,786,42,0,5 6,0,87,,787,42,0,5 6,0,115,,788,42,,,0,130,,789,42,,,0,170,,791,42,,,0,120,,792,42,0,5 6,0
2132000,'cal5-sat',541,,800,42,,,0,83,,801,42,,,0,82,,812,42,,,0,45,,823,42,,,0,85,,824,42,,,0,85,,825,42,,,0,88,,826,42,0,5 6,0,24,,827,42,,,0,105,,828,42,0,5 6,0,19,,829,42,,,0,65,,802,42,,,0,86,,803,42,,,0,14,,804,42,,,0,30,,805,42,,,0,86,,806,42,,,0,85,,807,42,,,0,16,,808,42,,,0,70,,809,42,,,0,45,,810,42,,,0,55,,811,42,,,0,30,,813,42,,,0,79,,814,42,0,5 6,0,87,,815,42,,,0,115,,816,42,,,0,85,,817,42,,,0,45,,818,42,,,0,85,,819,42,0,5 6,0,85,,820,42,,,0,120,,821,42,,,0,160,,822,42,0,5 6,0
2132000,'cal6-sun',541,,830,42,,,0,83,,831,42,,,0,82,,842,42,,,0,45,,850,42,,,0,85,,851,42,,,0,85,,852,42,,,0,88,,853,42,0,5 6,0,24,,854,42,,,0,105,,855,42,0,5 6,0,19,,856,42,,,0,65,,832,42,,,0,86,,833,42,,,0,14,,834,42,,,0,30,,835,42,,,0,86,,836,42,,,0,85,,837,42,,,0,16,,838,42,,,0,70,,839,42,,,0,45,,840,42,,,0,55,,841,42,,,0,30,,843,42,,,0,79,,844,42,0,5 6,0,87,,845,42,,,0,115,,846,42,,,0,130,,847,42,,,0,170,,848,42,,,0,120,,849,42,0,5 6,0
2132000,'cal7-sat',541,,857,42,,,0,83,,858,42,,,0,82,,869,42,,,0,45,,880,42,,,0,85,,883,42,,,0,85,,884,42,,,0,88,,885,42,0,5 6,0,24,,886,42,,,0,105,,887,42,0,5 6,0,19,,888,42,,,0,65,,859,42,,,0,86,,860,42,,,0,14,,861,42,,,0,30,,862,42,,,0,86,,863,42,,,0,85,,864,42,,,0,16,,865,42,,,0,70,,866,42,,,0,45,,867,42,,,0,55,,868,42,,,0,30,,870,42,,,0,79,,871,42,0,5 6,0,18,,872,42,,,0,69,,873,42,,,0,51,,874,42,,,0,64,,875,42,,,0,85,,876,42,,,0,45,,877,42,,,0,85,,878,42,0,5 6,0,85,,879,42,,,0,120,,881,42,,,0,160,,882,42,0,5 6,0
2132000,'cal8-sun',541,,889,42,,,0,83,,890,42,,,0,82,,901,42,,,0,45,,912,42,,,0,85,,914,42,,,0,85,,915,42,,,0,88,,916,42,0,5 6,0,24,,917,42,,,0,105,,918,42,0,5 6,0,19,,919,42,,,0,65,,891,42,,,0,86,,892,42,,,0,14,,893,42,,,0,30,,894,42,,,0,86,,895,42,,,0,85,,896,42,,,0,16,,897,42,,,0,70,,898,42,,,0,45,,899,42,,,0,55,,900,42,,,0,30,,902,42,,,0,79,,903,42,0,5 6,0,18,,904,42,,,0,69,,905,42,,,0,51,,906,42,,,0,64,,907,42,,,0,85,,908,42,,,0,45,,909,42,,,0,85,,910,42,0,5 6,0,85,,911,42,,,0,120,,913,42,0,5 6,0
2132000,'cal9-mon',536,,920,42,,,0,83,,921,42,,,0,82,,932,42,,,0,45,,939,42,,,0,90,,940,42,,,0,90,,941,42,,,0,93,,942,42,,,0,123,,943,42,,,0,61,,944,42,,,0,31,,945,42,,,0,88,,922,42,,,0,15,,923,42,,,0,75,,924,42,,,0,91,,925,42,,,0,36,,926,42,,,0,15,,927,42,,,0,90,,928,42,,,0,70,,929,42,,,0,20,,930,42,,,0,84,,931,42,,,0,127,,933,42,,,0,165,,934,42,,,0,125,,935,42,,,0,165,,937,42,0,5 6,0,120,,938,42,0,5 6,0
