2132000,'cal1-mon-tue-wed-thu-1',531,,614,37,,,0,83,,615,37,,,0,42,,626,37,,,0,85,,627,37,,,0,90,,628,37,,,0,90,,629,37,,,0,93,,630,37,,,0,123,,631,37,,,0,92,,632,37,,,0,88,,633,37,,,0,90,,616,37,,,0,51,,617,37,,,0,91,,618,37,,,0,90,,619,37,,,0,90,,620,37,,,0,85,,621,37,,,0,127,,622,37,,,0,165,,623,37,,,0,125,,624,37,,,0,125,,625,37,0,5 6,0
2132000,'cal10-fri-1',531,,634,37,,,0,83,,635,37,,,0,42,,646,37,,,0,85,,648,37,,,0,90,,649,37,,,0,90,,650,37,,,0,93,,651,37,,,0,123,,652,37,,,0,92,,653,37,,,0,88,,654,37,,,0,90,,636,37,,,0,51,,637,37,,,0,91,,638,37,,,0,90,,639,37,,,0,90,,640,37,,,0,85,,641,37,,,0,127,,642,37,,,0,165,,643,37,,,0,125,,644,37,,,0,125,,645,37,,,0,160,,647,37,0,5 6,0
2132000,'cal11-sat-1',536,,655,37,,,0,83,,656,37,,,0,82,,667,37,,,0,45,,671,37,,,0,85,,672,37,,,0,85,,673,37,,,0,88,,674,37,0,5 6,0,129,,675,37,0,5 6,0,84,,676,37,,,0,86,,677,37,,,0,44,,657,37,,,0,86,,658,37,,,0,85,,659,37,,,0,86,,660,37,,,0,45,,661,37,,,0,85,,662,37,,,0,80,,663,37,0,5 6,0,87,,664,37,0,5 6,0,115,,665,37,,,0,130,,666,37,,,0,170,,668,37,,,0,120,,669,37,,,0,120,,670,37,0,5 6,0
2132000,'cal12-fri',531,,678,37,,,0,83,,679,37,,,0,42,,690,37,,,0,85,,696,37,,,0,90,,697,37,,,0,90,,698,37,,,0,93,,699,37,,,0,123,,700,37,,,0,92,,701,37,,,0,88,,702,37,,,0,90,,680,37,,,0,51,,681,37,,,0,91,,682,37,,,0,90,,683,37,,,0,90,,684,37,,,0,85,,685,37,,,0,127,,686,37,,,0,75,,687,37,,,0,90,,688,37,,,0,40,,689,37,,,0,85,,691,37,,,0,85,,692,37,,,0,40,,693,37,,,0,80,,694,37,,,0,80,,695,37,0,5 6,0
2132000,'cal13-sat',536,,703,37,,,0,83,,704,37,,,0,82,,715,37,,,0,45,,723,37,,,0,85,,724,37,,,0,85,,725,37,,,0,88,,726,37,0,5 6,0,129,,727,37,0,5 6,0,84,,728,37,,,0,86,,729,37,,,0,44,,705,37,,,0,86,,706,37,,,0,85,,707,37,,,0,86,,708,37,,,0,45,,709,37,,,0,85,,710,37,,,0,80,,711,37,0,5 6,0,87,,712,37,0,5 6,0,115,,713,37,,,0,85,,714,37,,,0,45,,716,37,,,0,85,,717,37,,,0,85,,718,37,,,0,35,,719,37,,,0,85,,720,37,,,0,80,,721,37,0,5 6,0,40,,722,37,0,5 6,0
2132000,'cal2-fri',531,,730,37,,,0,83,,731,37,,,0,42,,742,37,,,0,85,,746,37,,,0,90,,747,37,,,0,90,,748,37,,,0,93,,749,37,,,0,123,,750,37,,,0,92,,751,37,,,0,88,,752,37,,,0,90,,732,37,,,0,51,,733,37,,,0,91,,734,37,,,0,90,,735,37,,,0,90,,736,37,,,0,85,,737,37,,,0,127,,738,37,,,0,75,,739,37,,,0,90,,740,37,,,0,40,,741,37,,,0,85,,743,37,,,0,125,,744,37,,,0,160,,745,37,0,5 6,0
2132000,'cal3-sat',536,,753,37,,,0,83,,754,37,,,0,82,,765,37,,,0,45,,771,37,,,0,85,,772,37,,,0,85,,773,37,,,0,88,,774,37,0,5 6,0,129,,775,37,0,5 6,0,84,,776,37,,,0,86,,777,37,,,0,44,,755,37,,,0,86,,756,37,,,0,85,,757,37,,,0,86,,758,37,,,0,45,,759,37,,,0,85,,760,37,,,0,80,,761,37,0,5 6,0,87,,762,37,,,0,115,,763,37,,,0,85,,764,37,,,0,45,,766,37,,,0,85,,767,37,0,5 6,0,85,,768,37,,,0,120,,769,37,,,0,120,,770,37,0,5 6,0
2132000,'cal4-sun-3',536,,778,37,,,0,83,,779,37,,,0,82,,790,37,,,0,45,,793,37,,,0,85,,794,37,,,0,85,,795,37,,,0,88,,796,37,0,5 6,0,129,,797,37,0,5 6,0,84,,798,37,,,0,86,,799,37,,,0,44,,780,37,,,0,86,,781,37,,,0,85,,782,37,,,0,86,,783,37,,,0,45,,784,37,,,0,85,,785,37,,,0,80,,786,37,0,5 6,0,87,,787,37,0,5 6,0,115,,788,37,,,0,130,,789,37,,,0,170,,791,37,,,0,120,,792,37,0,5 6,0
2132000,'cal5-sat',536,,800,37,,,0,83,,801,37,,,0,82,,812,37,,,0,45,,823,37,,,0,85,,824,37,,,0,85,,825,37,,,0,88,,826,37,0,5 6,0,129,,828,37,0,5 6,0,19,,829,37,,,0,65,,802,37,,,0,86,,803,37,,,0,14,,804,37,,,0,30,,805,37,,,0,86,,806,37,,,0,85,,807,37,,,0,16,,808,37,,,0,70,,809,37,,,0,45,,810,37,,,0,55,,811,37,,,0,30,,813,37,,,0,80,,814,37,0,5 6,0,87,,815,37,,,0,115,,816,37,,,0,85,,817,37,,,0,45,,818,37,,,0,85,,819,37,0,5 6,0,85,,820,37,,,0,120,,821,37,,,0,120,,822,37,0,5 6,0
2132000,'cal6-sun',536,,830,37,,,0,83,,831,37,,,0,82,,842,37,,,0,45,,850,37,,,0,85,,851,37,,,0,85,,852,37,,,0,88,,853,37,0,5 6,0,129,,855,37,0,5 6,0,19,,856,37,,,0,65,,832,37,,,0,86,,833,37,,,0,14,,834,37,,,0,30,,835,37,,,0,86,,836,37,,,0,85,,837,37,,,0,16,,838,37,,,0,70,,839,37,,,0,45,,840,37,,,0,55,,841,37,,,0,30,,843,37,,,0,80,,844,37,0,5 6,0,87,,845,37,,,0,115,,846,37,,,0,130,,847,37,,,0,170,,848,37,,,0,120,,849,37,0,5 6,0
2132000,'cal7-sat',536,,857,37,,,0,83,,858,37,,,0,82,,869,37,,,0,45,,880,37,,,0,85,,883,37,,,0,85,,884,37,,,0,88,,885,37,0,5 6,0,129,,887,37,0,5 6,0,19,,888,37,,,0,65,,859,37,,,0,86,,860,37,,,0,14,,861,37,,,0,30,,862,37,,,0,86,,863,37,,,0,85,,864,37,,,0,16,,865,37,,,0,70,,866,37,,,0,45,,867,37,,,0,55,,868,37,,,0,30,,870,37,,,0,80,,871,37,0,5 6,0,18,,872,37,,,0,69,,873,37,,,0,51,,874,37,,,0,64,,875,37,,,0,85,,876,37,,,0,45,,877,37,,,0,85,,878,37,0,5 6,0,85,,879,37,,,0,120,,881,37,,,0,120,,882,37,0,5 6,0
2132000,'cal8-sun',536,,889,37,,,0,83,,890,37,,,0,82,,901,37,,,0,45,,912,37,,,0,85,,914,37,,,0,85,,915,37,,,0,88,,916,37,0,5 6,0,129,,918,37,0,5 6,0,19,,919,37,,,0,65,,891,37,,,0,86,,892,37,,,0,14,,893,37,,,0,30,,894,37,,,0,86,,895,37,,,0,85,,896,37,,,0,16,,897,37,,,0,70,,898,37,,,0,45,,899,37,,,0,55,,900,37,,,0,30,,902,37,,,0,80,,903,37,0,5 6,0,18,,904,37,,,0,69,,905,37,,,0,51,,906,37,,,0,64,,907,37,,,0,85,,908,37,,,0,45,,909,37,,,0,85,,910,37,0,5 6,0,85,,911,37,,,0,120,,913,37,0,5 6,0
2132000,'cal9-mon',531,,920,37,,,0,83,,921,37,,,0,42,,932,37,,,0,85,,939,37,,,0,90,,940,37,,,0,90,,941,37,,,0,93,,942,37,,,0,123,,943,37,,,0,92,,945,37,,,0,88,,922,37,,,0,15,,923,37,,,0,75,,924,37,,,0,51,,925,37,,,0,76,,926,37,,,0,15,,927,37,,,0,90,,928,37,,,0,70,,929,37,,,0,20,,930,37,,,0,85,,931,37,,,0,127,,933,37,,,0,165,,934,37,,,0,125,,935,37,,,0,125,,937,37,0,5 6,0,160,,938,37,0,5 6,0
