2132000,'cal1-mon-tue-wed-thu-1',538,,614,46,,,0,83,,615,46,,,0,82,,626,46,,,0,48,,627,46,,,0,90,,628,46,,,0,89,,629,46,,,0,93,,630,46,,,0,123,,631,46,,,0,92,,632,46,,,0,88,,633,46,,,0,90,,616,46,,,0,92,,617,46,,,0,51,,618,46,,,0,90,,619,46,,,0,90,,620,46,,,0,81,,621,46,,,0,127,,622,46,,,0,165,,623,46,,,0,125,,624,46,,,0,165,,625,46,0,5 6,0
2132000,'cal10-fri-1',538,,634,46,,,0,83,,635,46,,,0,82,,646,46,,,0,48,,648,46,,,0,90,,649,46,,,0,89,,650,46,,,0,93,,651,46,,,0,123,,652,46,,,0,92,,653,46,,,0,88,,654,46,,,0,90,,636,46,,,0,92,,637,46,,,0,51,,638,46,,,0,90,,639,46,,,0,90,,640,46,,,0,81,,641,46,,,0,127,,642,46,,,0,165,,643,46,,,0,125,,644,46,,,0,165,,645,46,,,0,120,,647,46,0,5 6,0
2132000,'cal11-sat-1',543,,655,46,,,0,83,,656,46,,,0,82,,667,46,,,0,45,,671,46,,,0,85,,672,46,,,0,85,,673,46,,,0,88,,674,46,0,5 6,0,129,,675,46,0,5 6,0,84,,676,46,,,0,86,,677,46,,,0,44,,657,46,,,0,86,,658,46,,,0,86,,659,46,,,0,85,,660,46,,,0,45,,661,46,,,0,85,,662,46,,,0,79,,663,46,0,5 6,0,87,,664,46,0,5 6,0,115,,665,46,,,0,130,,666,46,,,0,170,,668,46,,,0,120,,669,46,,,0,160,,670,46,0,5 6,0
2132000,'cal12-fri',538,,678,46,,,0,83,,679,46,,,0,82,,690,46,,,0,48,,696,46,,,0,90,,697,46,,,0,89,,698,46,,,0,93,,699,46,,,0,123,,700,46,,,0,92,,701,46,,,0,88,,702,46,,,0,90,,680,46,,,0,92,,681,46,,,0,51,,682,46,,,0,90,,683,46,,,0,90,,684,46,,,0,81,,685,46,,,0,127,,686,46,,,0,75,,687,46,,,0,90,,688,46,,,0,40,,689,46,,,0,85,,691,46,,,0,85,,692,46,,,0,80,,693,46,,,0,40,,694,46,,,0,80,,695,46,0,5 6,0
2132000,'cal13-sat',543,,703,46,,,0,83,,704,46,,,0,82,,715,46,,,0,45,,723,46,,,0,85,,724,46,,,0,85,,725,46,,,0,88,,726,46,0,5 6,0,129,,727,46,0,5 6,0,84,,728,46,,,0,86,,729,46,,,0,44,,705,46,,,0,86,,706,46,,,0,86,,707,46,,,0,85,,708,46,,,0,45,,709,46,,,0,85,,710,46,,,0,79,,711,46,0,5 6,0,87,,712,46,0,5 6,0,115,,713,46,,,0,85,,714,46,,,0,45,,716,46,,,0,85,,717,46,,,0,85,,718,46,,,0,35,,719,46,,,0,85,,720,46,,,0,80,,721,46,0,5 6,0,80,,722,46,0,5 6,0
2132000,'cal2-fri',538,,730,46,,,0,83,,731,46,,,0,82,,742,46,,,0,48,,746,46,,,0,90,,747,46,,,0,89,,748,46,,,0,93,,749,46,,,0,123,,750,46,,,0,92,,751,46,,,0,88,,752,46,,,0,90,,732,46,,,0,92,,733,46,,,0,51,,734,46,,,0,90,,735,46,,,0,90,,736,46,,,0,81,,737,46,,,0,127,,738,46,,,0,75,,739,46,,,0,90,,740,46,,,0,40,,741,46,,,0,85,,743,46,,,0,165,,744,46,,,0,120,,745,46,0,5 6,0
2132000,'cal3-sat',543,,753,46,,,0,83,,754,46,,,0,82,,765,46,,,0,45,,771,46,,,0,85,,772,46,,,0,85,,773,46,,,0,88,,774,46,0,5 6,0,129,,775,46,0,5 6,0,84,,776,46,,,0,86,,777,46,,,0,44,,755,46,,,0,86,,756,46,,,0,86,,757,46,,,0,85,,758,46,,,0,45,,759,46,,,0,85,,760,46,,,0,79,,761,46,0,5 6,0,87,,762,46,,,0,115,,763,46,,,0,85,,764,46,,,0,45,,766,46,,,0,85,,767,46,0,5 6,0,85,,768,46,,,0,120,,769,46,,,0,160,,770,46,0,5 6,0
2132000,'cal4-sun-3',543,,778,46,,,0,83,,779,46,,,0,82,,790,46,,,0,45,,793,46,,,0,85,,794,46,,,0,85,,795,46,,,0,88,,796,46,0,5 6,0,129,,797,46,0,5 6,0,84,,798,46,,,0,86,,799,46,,,0,44,,780,46,,,0,86,,781,46,,,0,86,,782,46,,,0,85,,783,46,,,0,45,,784,46,,,0,85,,785,46,,,0,79,,786,46,0,5 6,0,87,,787,46,0,5 6,0,115,,788,46,,,0,130,,789,46,,,0,170,,791,46,,,0,120,,792,46,0,5 6,0
2132000,'cal5-sat',543,,800,46,,,0,83,,801,46,,,0,82,,812,46,,,0,45,,823,46,,,0,85,,824,46,,,0,85,,825,46,,,0,88,,826,46,0,5 6,0,24,,827,46,,,0,105,,828,46,0,5 6,0,19,,829,46,,,0,65,,802,46,,,0,86,,803,46,,,0,14,,804,46,,,0,30,,805,46,,,0,86,,806,46,,,0,86,,807,46,,,0,15,,808,46,,,0,70,,809,46,,,0,45,,810,46,,,0,55,,811,46,,,0,30,,813,46,,,0,79,,814,46,0,5 6,0,87,,815,46,,,0,115,,816,46,,,0,85,,817,46,,,0,45,,818,46,,,0,85,,819,46,0,5 6,0,85,,820,46,,,0,120,,821,46,,,0,160,,822,46,0,5 6,0
2132000,'cal6-sun',543,,830,46,,,0,83,,831,46,,,0,82,,842,46,,,0,45,,850,46,,,0,85,,851,46,,,0,85,,852,46,,,0,88,,853,46,0,5 6,0,24,,854,46,,,0,105,,855,46,0,5 6,0,19,,856,46,,,0,65,,832,46,,,0,86,,833,46,,,0,14,,834,46,,,0,30,,835,46,,,0,86,,836,46,,,0,86,,837,46,,,0,15,,838,46,,,0,70,,839,46,,,0,45,,840,46,,,0,55,,841,46,,,0,30,,843,46,,,0,79,,844,46,0,5 6,0,87,,845,46,,,0,115,,846,46,,,0,130,,847,46,,,0,170,,848,46,,,0,120,,849,46,0,5 6,0
2132000,'cal7-sat',543,,857,46,,,0,83,,858,46,,,0,82,,869,46,,,0,45,,880,46,,,0,85,,883,46,,,0,85,,884,46,,,0,88,,885,46,0,5 6,0,24,,886,46,,,0,105,,887,46,0,5 6,0,19,,888,46,,,0,65,,859,46,,,0,86,,860,46,,,0,14,,861,46,,,0,30,,862,46,,,0,86,,863,46,,,0,86,,864,46,,,0,15,,865,46,,,0,70,,866,46,,,0,45,,867,46,,,0,55,,868,46,,,0,30,,870,46,,,0,79,,871,46,0,5 6,0,18,,872,46,,,0,69,,873,46,,,0,51,,874,46,,,0,64,,875,46,,,0,85,,876,46,,,0,45,,877,46,,,0,85,,878,46,0,5 6,0,85,,879,46,,,0,120,,881,46,,,0,160,,882,46,0,5 6,0
2132000,'cal8-sun',543,,889,46,,,0,83,,890,46,,,0,82,,901,46,,,0,45,,912,46,,,0,85,,914,46,,,0,85,,915,46,,,0,88,,916,46,0,5 6,0,24,,917,46,,,0,105,,918,46,0,5 6,0,19,,919,46,,,0,65,,891,46,,,0,86,,892,46,,,0,14,,893,46,,,0,30,,894,46,,,0,86,,895,46,,,0,86,,896,46,,,0,15,,897,46,,,0,70,,898,46,,,0,45,,899,46,,,0,55,,900,46,,,0,30,,902,46,,,0,79,,903,46,0,5 6,0,18,,904,46,,,0,69,,905,46,,,0,51,,906,46,,,0,64,,907,46,,,0,85,,908,46,,,0,45,,909,46,,,0,85,,910,46,0,5 6,0,85,,911,46,,,0,120,,913,46,0,5 6,0
2132000,'cal9-mon',538,,920,46,,,0,83,,921,46,,,0,82,,932,46,,,0,48,,939,46,,,0,90,,940,46,,,0,89,,941,46,,,0,93,,942,46,,,0,123,,943,46,,,0,61,,944,46,,,0,31,,945,46,,,0,88,,922,46,,,0,15,,923,46,,,0,75,,924,46,,,0,92,,925,46,,,0,36,,926,46,,,0,15,,927,46,,,0,90,,928,46,,,0,70,,929,46,,,0,20,,930,46,,,0,81,,931,46,,,0,127,,933,46,,,0,165,,934,46,,,0,125,,935,46,,,0,165,,937,46,0,5 6,0,120,,938,46,0,5 6,0
