2132000,'cal1-mon-tue-wed-thu-1',533,,614,39,,,0,83,,615,39,,,0,42,,626,39,,,0,85,,627,39,,,0,90,,628,39,,,0,90,,629,39,,,0,93,,630,39,,,0,123,,631,39,,,0,92,,632,39,,,0,88,,633,39,,,0,90,,616,39,,,0,91,,617,39,,,0,51,,618,39,,,0,90,,619,39,,,0,90,,620,39,,,0,84,,621,39,,,0,127,,622,39,,,0,165,,623,39,,,0,125,,624,39,,,0,125,,625,39,0,5 6,0
2132000,'cal10-fri-1',533,,634,39,,,0,83,,635,39,,,0,42,,646,39,,,0,85,,648,39,,,0,90,,649,39,,,0,90,,650,39,,,0,93,,651,39,,,0,123,,652,39,,,0,92,,653,39,,,0,88,,654,39,,,0,90,,636,39,,,0,91,,637,39,,,0,51,,638,39,,,0,90,,639,39,,,0,90,,640,39,,,0,84,,641,39,,,0,127,,642,39,,,0,165,,643,39,,,0,125,,644,39,,,0,125,,645,39,,,0,160,,647,39,0,5 6,0
2132000,'cal11-sat-1',538,,655,39,,,0,83,,656,39,,,0,82,,667,39,,,0,45,,671,39,,,0,85,,672,39,,,0,85,,673,39,,,0,88,,674,39,0,5 6,0,129,,675,39,0,5 6,0,84,,676,39,,,0,86,,677,39,,,0,44,,657,39,,,0,86,,658,39,,,0,85,,659,39,,,0,86,,660,39,,,0,45,,661,39,,,0,85,,662,39,,,0,79,,663,39,0,5 6,0,87,,664,39,0,5 6,0,115,,665,39,,,0,130,,666,39,,,0,170,,668,39,,,0,120,,669,39,,,0,120,,670,39,0,5 6,0
2132000,'cal12-fri',533,,678,39,,,0,83,,679,39,,,0,42,,690,39,,,0,85,,696,39,,,0,90,,697,39,,,0,90,,698,39,,,0,93,,699,39,,,0,123,,700,39,,,0,92,,701,39,,,0,88,,702,39,,,0,90,,680,39,,,0,91,,681,39,,,0,51,,682,39,,,0,90,,683,39,,,0,90,,684,39,,,0,84,,685,39,,,0,127,,686,39,,,0,75,,687,39,,,0,90,,688,39,,,0,40,,689,39,,,0,85,,691,39,,,0,85,,692,39,,,0,40,,693,39,,,0,80,,694,39,,,0,80,,695,39,0,5 6,0
2132000,'cal13-sat',538,,703,39,,,0,83,,704,39,,,0,82,,715,39,,,0,45,,723,39,,,0,85,,724,39,,,0,85,,725,39,,,0,88,,726,39,0,5 6,0,129,,727,39,0,5 6,0,84,,728,39,,,0,86,,729,39,,,0,44,,705,39,,,0,86,,706,39,,,0,85,,707,39,,,0,86,,708,39,,,0,45,,709,39,,,0,85,,710,39,,,0,79,,711,39,0,5 6,0,87,,712,39,0,5 6,0,115,,713,39,,,0,85,,714,39,,,0,45,,716,39,,,0,85,,717,39,,,0,85,,718,39,,,0,35,,719,39,,,0,85,,720,39,,,0,80,,721,39,0,5 6,0,40,,722,39,0,5 6,0
2132000,'cal2-fri',533,,730,39,,,0,83,,731,39,,,0,42,,742,39,,,0,85,,746,39,,,0,90,,747,39,,,0,90,,748,39,,,0,93,,749,39,,,0,123,,750,39,,,0,92,,751,39,,,0,88,,752,39,,,0,90,,732,39,,,0,91,,733,39,,,0,51,,734,39,,,0,90,,735,39,,,0,90,,736,39,,,0,84,,737,39,,,0,127,,738,39,,,0,75,,739,39,,,0,90,,740,39,,,0,40,,741,39,,,0,85,,743,39,,,0,125,,744,39,,,0,160,,745,39,0,5 6,0
2132000,'cal3-sat',538,,753,39,,,0,83,,754,39,,,0,82,,765,39,,,0,45,,771,39,,,0,85,,772,39,,,0,85,,773,39,,,0,88,,774,39,0,5 6,0,129,,775,39,0,5 6,0,84,,776,39,,,0,86,,777,39,,,0,44,,755,39,,,0,86,,756,39,,,0,85,,757,39,,,0,86,,758,39,,,0,45,,759,39,,,0,85,,760,39,,,0,79,,761,39,0,5 6,0,87,,762,39,,,0,115,,763,39,,,0,85,,764,39,,,0,45,,766,39,,,0,85,,767,39,0,5 6,0,85,,768,39,,,0,120,,769,39,,,0,120,,770,39,0,5 6,0
2132000,'cal4-sun-3',538,,778,39,,,0,83,,779,39,,,0,82,,790,39,,,0,45,,793,39,,,0,85,,794,39,,,0,85,,795,39,,,0,88,,796,39,0,5 6,0,129,,797,39,0,5 6,0,84,,798,39,,,0,86,,799,39,,,0,44,,780,39,,,0,86,,781,39,,,0,85,,782,39,,,0,86,,783,39,,,0,45,,784,39,,,0,85,,785,39,,,0,79,,786,39,0,5 6,0,87,,787,39,0,5 6,0,115,,788,39,,,0,130,,789,39,,,0,170,,791,39,,,0,120,,792,39,0,5 6,0
2132000,'cal5-sat',538,,800,39,,,0,83,,801,39,,,0,82,,812,39,,,0,45,,823,39,,,0,85,,824,39,,,0,85,,825,39,,,0,88,,826,39,0,5 6,0,24,,827,39,,,0,105,,828,39,0,5 6,0,19,,829,39,,,0,65,,802,39,,,0,86,,803,39,,,0,14,,804,39,,,0,30,,805,39,,,0,86,,806,39,,,0,85,,807,39,,,0,16,,808,39,,,0,70,,809,39,,,0,45,,810,39,,,0,55,,811,39,,,0,30,,813,39,,,0,79,,814,39,0,5 6,0,87,,815,39,,,0,115,,816,39,,,0,85,,817,39,,,0,45,,818,39,,,0,85,,819,39,0,5 6,0,85,,820,39,,,0,120,,821,39,,,0,120,,822,39,0,5 6,0
2132000,'cal6-sun',538,,830,39,,,0,83,,831,39,,,0,82,,842,39,,,0,45,,850,39,,,0,85,,851,39,,,0,85,,852,39,,,0,88,,853,39,0,5 6,0,24,,854,39,,,0,105,,855,39,0,5 6,0,19,,856,39,,,0,65,,832,39,,,0,86,,833,39,,,0,14,,834,39,,,0,30,,835,39,,,0,86,,836,39,,,0,85,,837,39,,,0,16,,838,39,,,0,70,,839,39,,,0,45,,840,39,,,0,55,,841,39,,,0,30,,843,39,,,0,79,,844,39,0,5 6,0,87,,845,39,,,0,115,,846,39,,,0,130,,847,39,,,0,170,,848,39,,,0,120,,849,39,0,5 6,0
2132000,'cal7-sat',538,,857,39,,,0,83,,858,39,,,0,82,,869,39,,,0,45,,880,39,,,0,85,,883,39,,,0,85,,884,39,,,0,88,,885,39,0,5 6,0,24,,886,39,,,0,105,,887,39,0,5 6,0,19,,888,39,,,0,65,,859,39,,,0,86,,860,39,,,0,14,,861,39,,,0,30,,862,39,,,0,86,,863,39,,,0,85,,864,39,,,0,16,,865,39,,,0,70,,866,39,,,0,45,,867,39,,,0,55,,868,39,,,0,30,,870,39,,,0,79,,871,39,0,5 6,0,18,,872,39,,,0,69,,873,39,,,0,51,,874,39,,,0,64,,875,39,,,0,85,,876,39,,,0,45,,877,39,,,0,85,,878,39,0,5 6,0,85,,879,39,,,0,120,,881,39,,,0,120,,882,39,0,5 6,0
2132000,'cal8-sun',538,,889,39,,,0,83,,890,39,,,0,82,,901,39,,,0,45,,912,39,,,0,85,,914,39,,,0,85,,915,39,,,0,88,,916,39,0,5 6,0,24,,917,39,,,0,105,,918,39,0,5 6,0,19,,919,39,,,0,65,,891,39,,,0,86,,892,39,,,0,14,,893,39,,,0,30,,894,39,,,0,86,,895,39,,,0,85,,896,39,,,0,16,,897,39,,,0,70,,898,39,,,0,45,,899,39,,,0,55,,900,39,,,0,30,,902,39,,,0,79,,903,39,0,5 6,0,18,,904,39,,,0,69,,905,39,,,0,51,,906,39,,,0,64,,907,39,,,0,85,,908,39,,,0,45,,909,39,,,0,85,,910,39,0,5 6,0,85,,911,39,,,0,120,,913,39,0,5 6,0
2132000,'cal9-mon',533,,920,39,,,0,83,,921,39,,,0,42,,932,39,,,0,85,,939,39,,,0,90,,940,39,,,0,90,,941,39,,,0,93,,942,39,,,0,123,,943,39,,,0,61,,944,39,,,0,31,,945,39,,,0,88,,922,39,,,0,15,,923,39,,,0,75,,924,39,,,0,91,,925,39,,,0,36,,926,39,,,0,15,,927,39,,,0,90,,928,39,,,0,70,,929,39,,,0,20,,930,39,,,0,84,,931,39,,,0,127,,933,39,,,0,165,,934,39,,,0,125,,935,39,,,0,125,,937,39,0,5 6,0,160,,938,39,0,5 6,0
